0.0 1.799831617993098
0.01 1.799771219387396
0.02 1.799689375535983
0.03 1.799578599620651
0.04 1.799428864966763
0.05 1.79922678617203
0.06 1.79895456092362
0.07 1.798588616857534
0.08 1.798097903340608
0.09 1.797441768926401
0.09999999999999999 1.79656737565416
0.11 1.795406627050883
0.12 1.793872634679573
0.13 1.791855825649826
0.14 1.789219905942194
0.15 1.785798040937741
0.16 1.781389782809706
0.17 1.775759434600088
0.18 1.768636642792826
0.19 1.759719988870873
0.2 1.748684143284088
0.21 1.735190722813108
0.2200000000000001 1.718902390116471
0.2300000000000001 1.699499068832351
0.2400000000000001 1.676694596093696
0.2500000000000001 1.650251875244036
0.2600000000000001 1.619994729986763
0.2700000000000001 1.585815177834017
0.2800000000000001 1.547675595145513
0.2900000000000001 1.505606033597859
0.3000000000000001 1.459697578739733
0.3100000000000001 1.410093001938887
0.3200000000000001 1.35697603072979
0.3300000000000001 1.300560409399395
0.3400000000000001 1.241079638127698
0.3500000000000001 1.178777959313217
0.3600000000000002 1.113902872115353
0.3700000000000002 1.046699236830491
0.3800000000000002 0.9774048892882641
0.3900000000000002 0.9062476165938669
0.4000000000000002 0.8334433404365436
0.4100000000000002 0.7591954130733328
0.4200000000000002 0.6836950830937938
0.4300000000000002 0.6071235425547851
0.4400000000000002 0.5296568863078991
0.4500000000000002 0.4514780958649504
0.4600000000000002 0.3728102596861979
0.4700000000000003 0.2940314204996031
0.4800000000000003 0.2162171306674724
0.4900000000000003 0.1445623716456521
0.5000000000000002 0.09767753415957771
0.5100000000000002 0.07530923441588451
0.5200000000000002 0.06263148171104299
0.5300000000000002 0.05411415647697192
0.5400000000000003 0.04781152010038382
0.5500000000000003 0.04296106101170254
0.5600000000000003 0.03905687375270234
0.5700000000000003 0.03583972249067029
0.5800000000000003 0.03314177295579186
0.5900000000000003 0.03084673644699088
0.6000000000000003 0.0288714092425229
0.6100000000000003 0.02715437181860378
0.6200000000000003 0.02564911206702535
0.6300000000000003 0.02431966630957053
0.6400000000000003 0.02313774215187894
0.6500000000000004 0.022080754956802
0.6600000000000004 0.02113044945743577
0.6700000000000004 0.02027190858188992
0.6800000000000004 0.01949282586552682
0.6900000000000004 0.01878296175647309
0.7000000000000004 0.01813373099114718
0.7100000000000004 0.0175378851580516
0.7200000000000004 0.01698926554150458
0.7300000000000004 0.01648260861824894
0.7400000000000004 0.01601339151681045
0.7500000000000004 0.01557770816250552
0.7600000000000005 0.01517216923213092
0.7700000000000005 0.01479382075849711
0.7800000000000005 0.01444007746916442
0.7900000000000005 0.01410866785756069
0.8000000000000005 0.01379758866379617
0.8100000000000005 0.01350506695267688
0.8200000000000005 0.01322952836347969
0.8300000000000005 0.01296957040237097
0.8400000000000005 0.01272393987709695
0.8500000000000005 0.01249151375152291
0.8600000000000005 0.01227128283701965
0.8700000000000006 0.01206233784765606
0.8800000000000006 0.01186385743342416
0.8900000000000006 0.01167509787537817
0.9000000000000006 0.01149538418246959
0.9100000000000006 0.0113241023749583
0.9200000000000006 0.01116069277582722
0.9300000000000006 0.01100464416139494
0.9400000000000006 0.0108554886466589
0.9500000000000006 0.01071279720089074
0.9600000000000006 0.01057617570548553
0.9700000000000006 0.0104452614797001
0.9800000000000006 0.01031972021124344
0.9900000000000007 0.01019924323811842
1.000000000000001 0.01008354513600587
1.010000000000001 0.009972361572099957
1.020000000000001 0.009865447391874824
1.030000000000001 0.00976257490995941
1.040000000000001 0.009663532380275796
1.050000000000001 0.009568122623971288
1.060000000000001 0.009476161796545509
1.070000000000001 0.00938747827802327
1.080000000000001 0.009301911672120305
1.090000000000001 0.009219311902144138
1.100000000000001 0.009139538392916398
1.110000000000001 0.009062459329332535
1.120000000000001 0.008987950983322465
1.130000000000001 0.008915897101969371
1.140000000000001 0.008846188350403964
1.150000000000001 0.008778721803840804
1.160000000000001 0.008713400483773347
1.170000000000001 0.008650132933913462
1.180000000000001 0.008588832831957348
1.190000000000001 0.00852941863369367
1.200000000000001 0.008471813246353568
1.210000000000001 0.008415943728433494
1.220000000000001 0.008361741013521216
1.230000000000001 0.008309139655912292
1.240000000000001 0.008258077596035139
1.250000000000001 0.008208495943907095
1.260000000000001 0.0081603387790226
1.270000000000001 0.008113552965235261
1.280000000000001 0.00806808797933818
1.290000000000001 0.008023895752172631
1.300000000000001 0.007980930521207982
1.310000000000001 0.007939148693637692
1.320000000000001 0.007898508719125038
1.330000000000001 0.007858970971412995
1.340000000000001 0.007820497638085245
1.350000000000001 0.007783052617831146
1.360000000000001 0.007746601424623221
1.370000000000001 0.007711111098270583
1.380000000000001 0.007676550120858786
1.390000000000001 0.007642888338627171
1.400000000000001 0.007610096888875807
1.410000000000001 0.007578148131527429
1.420000000000001 0.007547015585002545
1.430000000000001 0.007516673866091404
1.440000000000001 0.007487098633537495
1.450000000000001 0.007458266535065958
1.460000000000001 0.0074301551576149
1.470000000000001 0.007402742980543423
1.480000000000001 0.007376009331614274
1.490000000000001 0.007349934345557237
1.500000000000001 0.007324498925039525
1.510000000000001 0.007299684703883295
1.520000000000001 0.007275474012377207
1.530000000000001 0.007251849844546915
1.540000000000001 0.007228795827255728
1.550000000000001 0.007206296191015769
1.560000000000001 0.00718433574240246
1.570000000000001 0.007162899837968555
1.580000000000001 0.007141974359563315
1.590000000000001 0.007121545690971781
1.600000000000001 0.007101600695788645
1.610000000000001 0.007082126696453705
1.620000000000001 0.007063111454378884
1.630000000000001 0.007044543151098016
1.640000000000001 0.007026410370381962
1.650000000000001 0.007008702081259564
1.660000000000001 0.006991407621891566
1.670000000000001 0.006974516684249343
1.680000000000001 0.006958019299549894
1.690000000000001 0.006941905824405605
1.700000000000001 0.006926166927647493
1.710000000000001 0.00691079357778289
1.720000000000001 0.006895777031054724
1.730000000000001 0.006881108820066877
1.740000000000001 0.006866780742944748
1.750000000000001 0.00685278485300328
1.760000000000001 0.006839113448892898
1.770000000000001 0.006825759065200021
1.780000000000001 0.00681271446347521
