Title:
*inverter
Date:
Tue
Jan
13
15:21:04

2015
Plotname:
DC
transfer
characteristic
Flags:
real
No.
Variables:
3
No.
Points:
181





Variables:

0
v(v-sweep)
voltage

1
v(out)
voltage

2
v(in)
voltage
Values:
0

0.000000000000000e+00

1.799831617993098e+00

0.000000000000000e+00
1

1.000000000000000e-02

1.799771219387396e+00

1.000000000000000e-02
2

2.000000000000000e-02

1.799689375535983e+00

2.000000000000000e-02
3

3.000000000000000e-02

1.799578599620651e+00

3.000000000000000e-02
4

4.000000000000000e-02

1.799428864966763e+00

4.000000000000000e-02
5

5.000000000000000e-02

1.799226786172030e+00

5.000000000000000e-02
6

6.000000000000000e-02

1.798954560923620e+00

6.000000000000000e-02
7

7.000000000000001e-02

1.798588616857534e+00

7.000000000000001e-02
8

8.000000000000000e-02

1.798097903340608e+00

8.000000000000000e-02
9

9.000000000000000e-02

1.797441768926401e+00

9.000000000000000e-02
10

9.999999999999999e-02

1.796567375654160e+00

9.999999999999999e-02
11

1.100000000000000e-01

1.795406627050883e+00

1.100000000000000e-01
12

1.200000000000000e-01

1.793872634679573e+00

1.200000000000000e-01
13

1.300000000000000e-01

1.791855825649826e+00

1.300000000000000e-01
14

1.400000000000000e-01

1.789219905942194e+00

1.400000000000000e-01
15

1.500000000000000e-01

1.785798040937741e+00

1.500000000000000e-01
16

1.600000000000000e-01

1.781389782809706e+00

1.600000000000000e-01
17

1.700000000000000e-01

1.775759434600088e+00

1.700000000000000e-01
18

1.800000000000000e-01

1.768636642792826e+00

1.800000000000000e-01
19

1.900000000000000e-01

1.759719988870873e+00

1.900000000000000e-01
20

2.000000000000000e-01

1.748684143284088e+00

2.000000000000000e-01
21

2.100000000000000e-01

1.735190722813108e+00

2.100000000000000e-01
22

2.200000000000001e-01

1.718902390116471e+00

2.200000000000001e-01
23

2.300000000000001e-01

1.699499068832351e+00

2.300000000000001e-01
24

2.400000000000001e-01

1.676694596093696e+00

2.400000000000001e-01
25

2.500000000000001e-01

1.650251875244036e+00

2.500000000000001e-01
26

2.600000000000001e-01

1.619994729986763e+00

2.600000000000001e-01
27

2.700000000000001e-01

1.585815177834017e+00

2.700000000000001e-01
28

2.800000000000001e-01

1.547675595145513e+00

2.800000000000001e-01
29

2.900000000000001e-01

1.505606033597859e+00

2.900000000000001e-01
30

3.000000000000001e-01

1.459697578739733e+00

3.000000000000001e-01
31

3.100000000000001e-01

1.410093001938887e+00

3.100000000000001e-01
32

3.200000000000001e-01

1.356976030729790e+00

3.200000000000001e-01
33

3.300000000000001e-01

1.300560409399395e+00

3.300000000000001e-01
34

3.400000000000001e-01

1.241079638127698e+00

3.400000000000001e-01
35

3.500000000000001e-01

1.178777959313217e+00

3.500000000000001e-01
36

3.600000000000002e-01

1.113902872115353e+00

3.600000000000002e-01
37

3.700000000000002e-01

1.046699236830491e+00

3.700000000000002e-01
38

3.800000000000002e-01

9.774048892882641e-01

3.800000000000002e-01
39

3.900000000000002e-01

9.062476165938669e-01

3.900000000000002e-01
40

4.000000000000002e-01

8.334433404365436e-01

4.000000000000002e-01
41

4.100000000000002e-01

7.591954130733328e-01

4.100000000000002e-01
42

4.200000000000002e-01

6.836950830937938e-01

4.200000000000002e-01
43

4.300000000000002e-01

6.071235425547851e-01

4.300000000000002e-01
44

4.400000000000002e-01

5.296568863078991e-01

4.400000000000002e-01
45

4.500000000000002e-01

4.514780958649504e-01

4.500000000000002e-01
46

4.600000000000002e-01

3.728102596861979e-01

4.600000000000002e-01
47

4.700000000000003e-01

2.940314204996031e-01

4.700000000000003e-01
48

4.800000000000003e-01

2.162171306674724e-01

4.800000000000003e-01
49

4.900000000000003e-01

1.445623716456521e-01

4.900000000000003e-01
50

5.000000000000002e-01

9.767753415957771e-02

5.000000000000002e-01
51

5.100000000000002e-01

7.530923441588451e-02

5.100000000000002e-01
52

5.200000000000002e-01

6.263148171104299e-02

5.200000000000002e-01
53

5.300000000000002e-01

5.411415647697192e-02

5.300000000000002e-01
54

5.400000000000003e-01

4.781152010038382e-02

5.400000000000003e-01
55

5.500000000000003e-01

4.296106101170254e-02

5.500000000000003e-01
56

5.600000000000003e-01

3.905687375270234e-02

5.600000000000003e-01
57

5.700000000000003e-01

3.583972249067029e-02

5.700000000000003e-01
58

5.800000000000003e-01

3.314177295579186e-02

5.800000000000003e-01
59

5.900000000000003e-01

3.084673644699088e-02

5.900000000000003e-01
60

6.000000000000003e-01

2.887140924252290e-02

6.000000000000003e-01
61

6.100000000000003e-01

2.715437181860378e-02

6.100000000000003e-01
62

6.200000000000003e-01

2.564911206702535e-02

6.200000000000003e-01
63

6.300000000000003e-01

2.431966630957053e-02

6.300000000000003e-01
64

6.400000000000003e-01

2.313774215187894e-02

6.400000000000003e-01
65

6.500000000000004e-01

2.208075495680200e-02

6.500000000000004e-01
66

6.600000000000004e-01

2.113044945743577e-02

6.600000000000004e-01
67

6.700000000000004e-01

2.027190858188992e-02

6.700000000000004e-01
68

6.800000000000004e-01

1.949282586552682e-02

6.800000000000004e-01
69

6.900000000000004e-01

1.878296175647309e-02

6.900000000000004e-01
70

7.000000000000004e-01

1.813373099114718e-02

7.000000000000004e-01
71

7.100000000000004e-01

1.753788515805160e-02

7.100000000000004e-01
72

7.200000000000004e-01

1.698926554150458e-02

7.200000000000004e-01
73

7.300000000000004e-01

1.648260861824894e-02

7.300000000000004e-01
74

7.400000000000004e-01

1.601339151681045e-02

7.400000000000004e-01
75

7.500000000000004e-01

1.557770816250552e-02

7.500000000000004e-01
76

7.600000000000005e-01

1.517216923213092e-02

7.600000000000005e-01
77

7.700000000000005e-01

1.479382075849711e-02

7.700000000000005e-01
78

7.800000000000005e-01

1.444007746916442e-02

7.800000000000005e-01
79

7.900000000000005e-01

1.410866785756069e-02

7.900000000000005e-01
80

8.000000000000005e-01

1.379758866379617e-02

8.000000000000005e-01
81

8.100000000000005e-01

1.350506695267688e-02

8.100000000000005e-01
82

8.200000000000005e-01

1.322952836347969e-02

8.200000000000005e-01
83

8.300000000000005e-01

1.296957040237097e-02

8.300000000000005e-01
84

8.400000000000005e-01

1.272393987709695e-02

8.400000000000005e-01
85

8.500000000000005e-01

1.249151375152291e-02

8.500000000000005e-01
86

8.600000000000005e-01

1.227128283701965e-02

8.600000000000005e-01
87

8.700000000000006e-01

1.206233784765606e-02

8.700000000000006e-01
88

8.800000000000006e-01

1.186385743342416e-02

8.800000000000006e-01
89

8.900000000000006e-01

1.167509787537817e-02

8.900000000000006e-01
90

9.000000000000006e-01

1.149538418246959e-02

9.000000000000006e-01
91

9.100000000000006e-01

1.132410237495830e-02

9.100000000000006e-01
92

9.200000000000006e-01

1.116069277582722e-02

9.200000000000006e-01
93

9.300000000000006e-01

1.100464416139494e-02

9.300000000000006e-01
94

9.400000000000006e-01

1.085548864665890e-02

9.400000000000006e-01
95

9.500000000000006e-01

1.071279720089074e-02

9.500000000000006e-01
96

9.600000000000006e-01

1.057617570548553e-02

9.600000000000006e-01
97

9.700000000000006e-01

1.044526147970010e-02

9.700000000000006e-01
98

9.800000000000006e-01

1.031972021124344e-02

9.800000000000006e-01
99

9.900000000000007e-01

1.019924323811842e-02

9.900000000000007e-01
100

1.000000000000001e+00

1.008354513600587e-02

1.000000000000001e+00
101

1.010000000000001e+00

9.972361572099957e-03

1.010000000000001e+00
102

1.020000000000001e+00

9.865447391874824e-03

1.020000000000001e+00
103

1.030000000000001e+00

9.762574909959409e-03

1.030000000000001e+00
104

1.040000000000001e+00

9.663532380275796e-03

1.040000000000001e+00
105

1.050000000000001e+00

9.568122623971288e-03

1.050000000000001e+00
106

1.060000000000001e+00

9.476161796545509e-03

1.060000000000001e+00
107

1.070000000000001e+00

9.387478278023271e-03

1.070000000000001e+00
108

1.080000000000001e+00

9.301911672120305e-03

1.080000000000001e+00
109

1.090000000000001e+00

9.219311902144138e-03

1.090000000000001e+00
110

1.100000000000001e+00

9.139538392916398e-03

1.100000000000001e+00
111

1.110000000000001e+00

9.062459329332535e-03

1.110000000000001e+00
112

1.120000000000001e+00

8.987950983322465e-03

1.120000000000001e+00
113

1.130000000000001e+00

8.915897101969371e-03

1.130000000000001e+00
114

1.140000000000001e+00

8.846188350403964e-03

1.140000000000001e+00
115

1.150000000000001e+00

8.778721803840804e-03

1.150000000000001e+00
116

1.160000000000001e+00

8.713400483773347e-03

1.160000000000001e+00
117

1.170000000000001e+00

8.650132933913462e-03

1.170000000000001e+00
118

1.180000000000001e+00

8.588832831957348e-03

1.180000000000001e+00
119

1.190000000000001e+00

8.529418633693669e-03

1.190000000000001e+00
120

1.200000000000001e+00

8.471813246353568e-03

1.200000000000001e+00
121

1.210000000000001e+00

8.415943728433494e-03

1.210000000000001e+00
122

1.220000000000001e+00

8.361741013521216e-03

1.220000000000001e+00
123

1.230000000000001e+00

8.309139655912292e-03

1.230000000000001e+00
124

1.240000000000001e+00

8.258077596035139e-03

1.240000000000001e+00
125

1.250000000000001e+00

8.208495943907095e-03

1.250000000000001e+00
126

1.260000000000001e+00

8.160338779022600e-03

1.260000000000001e+00
127

1.270000000000001e+00

8.113552965235261e-03

1.270000000000001e+00
128

1.280000000000001e+00

8.068087979338180e-03

1.280000000000001e+00
129

1.290000000000001e+00

8.023895752172631e-03

1.290000000000001e+00
130

1.300000000000001e+00

7.980930521207982e-03

1.300000000000001e+00
131

1.310000000000001e+00

7.939148693637692e-03

1.310000000000001e+00
132

1.320000000000001e+00

7.898508719125038e-03

1.320000000000001e+00
133

1.330000000000001e+00

7.858970971412995e-03

1.330000000000001e+00
134

1.340000000000001e+00

7.820497638085245e-03

1.340000000000001e+00
135

1.350000000000001e+00

7.783052617831146e-03

1.350000000000001e+00
136

1.360000000000001e+00

7.746601424623221e-03

1.360000000000001e+00
137

1.370000000000001e+00

7.711111098270583e-03

1.370000000000001e+00
138

1.380000000000001e+00

7.676550120858786e-03

1.380000000000001e+00
139

1.390000000000001e+00

7.642888338627171e-03

1.390000000000001e+00
140

1.400000000000001e+00

7.610096888875807e-03

1.400000000000001e+00
141

1.410000000000001e+00

7.578148131527429e-03

1.410000000000001e+00
142

1.420000000000001e+00

7.547015585002545e-03

1.420000000000001e+00
143

1.430000000000001e+00

7.516673866091404e-03

1.430000000000001e+00
144

1.440000000000001e+00

7.487098633537495e-03

1.440000000000001e+00
145

1.450000000000001e+00

7.458266535065958e-03

1.450000000000001e+00
146

1.460000000000001e+00

7.430155157614900e-03

1.460000000000001e+00
147

1.470000000000001e+00

7.402742980543423e-03

1.470000000000001e+00
148

1.480000000000001e+00

7.376009331614274e-03

1.480000000000001e+00
149

1.490000000000001e+00

7.349934345557237e-03

1.490000000000001e+00
150

1.500000000000001e+00

7.324498925039525e-03

1.500000000000001e+00
151

1.510000000000001e+00

7.299684703883295e-03

1.510000000000001e+00
152

1.520000000000001e+00

7.275474012377207e-03

1.520000000000001e+00
153

1.530000000000001e+00

7.251849844546915e-03

1.530000000000001e+00
154

1.540000000000001e+00

7.228795827255728e-03

1.540000000000001e+00
155

1.550000000000001e+00

7.206296191015769e-03

1.550000000000001e+00
156

1.560000000000001e+00

7.184335742402460e-03

1.560000000000001e+00
157

1.570000000000001e+00

7.162899837968555e-03

1.570000000000001e+00
158

1.580000000000001e+00

7.141974359563315e-03

1.580000000000001e+00
159

1.590000000000001e+00

7.121545690971781e-03

1.590000000000001e+00
160

1.600000000000001e+00

7.101600695788645e-03

1.600000000000001e+00
161

1.610000000000001e+00

7.082126696453705e-03

1.610000000000001e+00
162

1.620000000000001e+00

7.063111454378884e-03

1.620000000000001e+00
163

1.630000000000001e+00

7.044543151098016e-03

1.630000000000001e+00
164

1.640000000000001e+00

7.026410370381962e-03

1.640000000000001e+00
165

1.650000000000001e+00

7.008702081259564e-03

1.650000000000001e+00
166

1.660000000000001e+00

6.991407621891566e-03

1.660000000000001e+00
167

1.670000000000001e+00

6.974516684249343e-03

1.670000000000001e+00
168

1.680000000000001e+00

6.958019299549894e-03

1.680000000000001e+00
169

1.690000000000001e+00

6.941905824405605e-03

1.690000000000001e+00
170

1.700000000000001e+00

6.926166927647493e-03

1.700000000000001e+00
171

1.710000000000001e+00

6.910793577782890e-03

1.710000000000001e+00
172

1.720000000000001e+00

6.895777031054724e-03

1.720000000000001e+00
173

1.730000000000001e+00

6.881108820066877e-03

1.730000000000001e+00
174

1.740000000000001e+00

6.866780742944748e-03

1.740000000000001e+00
175

1.750000000000001e+00

6.852784853003280e-03

1.750000000000001e+00
176

1.760000000000001e+00

6.839113448892898e-03

1.760000000000001e+00
177

1.770000000000001e+00

6.825759065200021e-03

1.770000000000001e+00
178

1.780000000000001e+00

6.812714463475210e-03

1.780000000000001e+00
179

1.790000000000001e+00

6.799972623669022e-03

1.790000000000001e+00
180

1.800000000000001e+00

6.787526735952531e-03

1.800000000000001e+00
