0.0 1.690959132117859
0.01 1.680724511064051
0.02 1.670427998758459
0.03 1.660075549415797
0.04 1.649670014809268
0.05 1.639213506143242
0.06 1.628708127766032
0.07 1.618156543117155
0.08 1.607562354979829
0.09 1.596930281677051
0.09999999999999999 1.586266071185335
0.11 1.575576085029232
0.12 1.564866508124992
0.13 1.55414220175536
0.14 1.543405301730733
0.15 1.532653741827376
0.16 1.52187991626809
0.17 1.511069661655761
0.18 1.500201647434416
0.19 1.489247152158353
0.2 1.478170114452179
0.21 1.466927309274769
0.2200000000000001 1.455468513248928
0.2300000000000001 1.443736571293101
0.2400000000000001 1.431667340922568
0.2500000000000001 1.419189556511677
0.2600000000000001 1.406224717492928
0.2700000000000001 1.392687160779293
0.2800000000000001 1.378484527666346
0.2900000000000001 1.363518873401236
0.3000000000000001 1.347688678644531
0.3100000000000001 1.330891979786603
0.3200000000000001 1.313030705244244
0.3300000000000001 1.294016061327185
0.3400000000000001 1.273774467016768
0.3500000000000001 1.252253177999563
0.3600000000000002 1.229424528034536
0.3700000000000002 1.20528782101674
0.3800000000000002 1.179868386174015
0.3900000000000002 1.153214014161406
0.4000000000000002 1.125389624920132
0.4100000000000002 1.096471313935513
0.4200000000000002 1.066540814302132
0.4300000000000002 1.035681034984898
0.4400000000000002 1.003972905399823
0.4500000000000002 0.9714934315526754
0.4600000000000002 0.9383147024736315
0.4700000000000003 0.9045035515161672
0.4800000000000003 0.8701216200879406
0.4900000000000003 0.8352256426243567
0.5000000000000002 0.7998678412049809
0.5100000000000002 0.7640963737423595
0.5200000000000002 0.7279558199805496
0.5300000000000002 0.6914877191950496
0.5400000000000003 0.6547311997618018
0.5500000000000003 0.617723773238566
0.5600000000000003 0.5805024185469894
0.5700000000000003 0.5431051809221321
0.5800000000000003 0.5055737085727162
0.5900000000000003 0.4679575671067938
0.6000000000000003 0.4303220940833522
0.6100000000000003 0.3927636994096109
0.6200000000000003 0.3554416926356584
0.6300000000000003 0.3186480888600473
0.6400000000000003 0.2829608438155869
0.6500000000000004 0.2495210596856215
0.6600000000000004 0.2201556266558995
0.6700000000000004 0.1964359396969282
0.6800000000000004 0.1783037629446254
0.6900000000000004 0.1644006391899585
0.7000000000000004 0.1533574733473606
0.7100000000000004 0.1442955478863422
0.7200000000000004 0.1366740364542338
0.7300000000000004 0.1301382554226087
0.7400000000000004 0.1244462927425495
0.7500000000000004 0.1194273721539374
0.7600000000000005 0.1149569047300678
0.7700000000000005 0.1109413524425003
0.7800000000000005 0.1073087495656396
0.7900000000000005 0.1040025614616282
0.8000000000000005 0.1009775777631565
0.8100000000000005 0.0981970861108244
0.8200000000000005 0.09563087665714345
0.8300000000000005 0.09325380069418185
0.8400000000000005 0.091044708286067
0.8500000000000005 0.08898565106192252
0.8600000000000005 0.08706127433416982
0.8700000000000006 0.08525834689373196
0.8800000000000006 0.08356539259035768
0.8900000000000006 0.08197239829493871
0.9000000000000006 0.08047057996194382
0.9100000000000006 0.07905219343341423
0.9200000000000006 0.07771038008675166
0.9300000000000006 0.07643903989868141
0.9400000000000006 0.07523272628580299
0.9500000000000006 0.07408655839331194
0.9600000000000006 0.07299614747655328
0.9700000000000006 0.07195753475030055
0.9800000000000006 0.07096713863431554
0.9900000000000007 0.07002170974758706
1.000000000000001 0.06911829233100575
1.010000000000001 0.06825419103320592
1.020000000000001 0.06742694219444105
1.030000000000001 0.066634288921616
1.040000000000001 0.06587415937359656
1.050000000000001 0.0651446477768781
1.060000000000001 0.06444399777310127
1.070000000000001 0.06377058776590114
1.080000000000001 0.06312291798839098
1.090000000000001 0.06249959905667673
1.100000000000001 0.06189934181111249
1.110000000000001 0.0613209482770458
1.120000000000001 0.06076330360176461
1.130000000000001 0.06022536884518449
1.140000000000001 0.05970617451926347
1.150000000000001 0.05920481478580483
1.160000000000001 0.05872044223469034
1.170000000000001 0.05825226317507502
1.180000000000001 0.0577995333809867
1.190000000000001 0.05736155424036943
1.200000000000001 0.05693766926310665
1.210000000000001 0.0565272609091293
1.220000000000001 0.05612974770250657
1.230000000000001 0.05574458160154633
1.240000000000001 0.05537124559850602
1.250000000000001 0.05500925152560827
1.260000000000001 0.05465813804674834
1.270000000000001 0.05431746881662149
1.280000000000001 0.053986830791043
1.290000000000001 0.05366583267402539
1.300000000000001 0.05335410348874207
1.310000000000001 0.05305129126088748
1.320000000000001 0.05275706180415443
1.330000000000001 0.05247109759862126
1.340000000000001 0.05219309675378257
1.350000000000001 0.05192277204879936
1.360000000000001 0.05165985004327961
1.370000000000001 0.05140407025256537
1.380000000000001 0.05115518438208352
1.390000000000001 0.05091295561584282
1.400000000000001 0.05067715795462501
1.410000000000001 0.05044757559983429
1.420000000000001 0.0502240023793423
1.430000000000001 0.05000624121200151
1.440000000000001 0.04979410360779801
1.450000000000001 0.04958740920088715
1.460000000000001 0.04938598531299525
1.470000000000001 0.0491896665448934
1.480000000000001 0.04899829439384303
1.490000000000001 0.04881171689509544
1.500000000000001 0.04862978828568474
1.510000000000001 0.04845236868890467
1.520000000000001 0.04827932381798788
1.530000000000001 0.04811052469763044
1.540000000000001 0.04794584740211174
1.550000000000001 0.04778517280885927
1.560000000000001 0.0476283863664006
1.570000000000001 0.04747537787572476
1.580000000000001 0.04732604128415355
1.590000000000001 0.0471802744908889
1.600000000000001 0.04703797916346904
1.610000000000001 0.04689906056442132
1.620000000000001 0.04676342738745269
1.630000000000001 0.04663099160256821
1.640000000000001 0.04650166830955257
1.650000000000001 0.0463753755992882
1.660000000000001 0.04625203442242373
1.670000000000001 0.04613156846493992
1.680000000000001 0.04601390403019121
1.690000000000001 0.04589896992703152
1.700000000000001 0.04578669736365995
1.710000000000001 0.04567701984684567
1.720000000000001 0.04556987308621512
1.730000000000001 0.04546519490330643
1.740000000000001 0.04536292514511492
1.750000000000001 0.04526300560187105
1.760000000000001 0.04516537992881114
1.770000000000001 0.04506999357171456
1.780000000000001 0.0449767936959967
