Title:
*inverter
Date:
Fri
Sep
23
17:09:58

2011
Plotname:
DC
transfer
characteristic
Flags:
real
No.
Variables:
3
No.
Points:
181





Variables:

0
v(v-sweep)
voltage

1
v(out)
voltage

2
v(in)
voltage
Values:
0

0.000000000000000e+00

1.690959132117859e+00

0.000000000000000e+00
1

1.000000000000000e-02

1.680724511064051e+00

1.000000000000000e-02
2

2.000000000000000e-02

1.670427998758459e+00

2.000000000000000e-02
3

3.000000000000000e-02

1.660075549415797e+00

3.000000000000000e-02
4

4.000000000000000e-02

1.649670014809268e+00

4.000000000000000e-02
5

5.000000000000000e-02

1.639213506143242e+00

5.000000000000000e-02
6

6.000000000000000e-02

1.628708127766032e+00

6.000000000000000e-02
7

7.000000000000001e-02

1.618156543117155e+00

7.000000000000001e-02
8

8.000000000000000e-02

1.607562354979829e+00

8.000000000000000e-02
9

9.000000000000000e-02

1.596930281677051e+00

9.000000000000000e-02
10

9.999999999999999e-02

1.586266071185335e+00

9.999999999999999e-02
11

1.100000000000000e-01

1.575576085029232e+00

1.100000000000000e-01
12

1.200000000000000e-01

1.564866508124992e+00

1.200000000000000e-01
13

1.300000000000000e-01

1.554142201755360e+00

1.300000000000000e-01
14

1.400000000000000e-01

1.543405301730733e+00

1.400000000000000e-01
15

1.500000000000000e-01

1.532653741827376e+00

1.500000000000000e-01
16

1.600000000000000e-01

1.521879916268090e+00

1.600000000000000e-01
17

1.700000000000000e-01

1.511069661655761e+00

1.700000000000000e-01
18

1.800000000000000e-01

1.500201647434416e+00

1.800000000000000e-01
19

1.900000000000000e-01

1.489247152158353e+00

1.900000000000000e-01
20

2.000000000000000e-01

1.478170114452179e+00

2.000000000000000e-01
21

2.100000000000000e-01

1.466927309274769e+00

2.100000000000000e-01
22

2.200000000000001e-01

1.455468513248928e+00

2.200000000000001e-01
23

2.300000000000001e-01

1.443736571293101e+00

2.300000000000001e-01
24

2.400000000000001e-01

1.431667340922568e+00

2.400000000000001e-01
25

2.500000000000001e-01

1.419189556511677e+00

2.500000000000001e-01
26

2.600000000000001e-01

1.406224717492928e+00

2.600000000000001e-01
27

2.700000000000001e-01

1.392687160779293e+00

2.700000000000001e-01
28

2.800000000000001e-01

1.378484527666346e+00

2.800000000000001e-01
29

2.900000000000001e-01

1.363518873401236e+00

2.900000000000001e-01
30

3.000000000000001e-01

1.347688678644531e+00

3.000000000000001e-01
31

3.100000000000001e-01

1.330891979786603e+00

3.100000000000001e-01
32

3.200000000000001e-01

1.313030705244244e+00

3.200000000000001e-01
33

3.300000000000001e-01

1.294016061327185e+00

3.300000000000001e-01
34

3.400000000000001e-01

1.273774467016768e+00

3.400000000000001e-01
35

3.500000000000001e-01

1.252253177999563e+00

3.500000000000001e-01
36

3.600000000000002e-01

1.229424528034536e+00

3.600000000000002e-01
37

3.700000000000002e-01

1.205287821016740e+00

3.700000000000002e-01
38

3.800000000000002e-01

1.179868386174015e+00

3.800000000000002e-01
39

3.900000000000002e-01

1.153214014161406e+00

3.900000000000002e-01
40

4.000000000000002e-01

1.125389624920132e+00

4.000000000000002e-01
41

4.100000000000002e-01

1.096471313935513e+00

4.100000000000002e-01
42

4.200000000000002e-01

1.066540814302132e+00

4.200000000000002e-01
43

4.300000000000002e-01

1.035681034984898e+00

4.300000000000002e-01
44

4.400000000000002e-01

1.003972905399823e+00

4.400000000000002e-01
45

4.500000000000002e-01

9.714934315526754e-01

4.500000000000002e-01
46

4.600000000000002e-01

9.383147024736315e-01

4.600000000000002e-01
47

4.700000000000003e-01

9.045035515161672e-01

4.700000000000003e-01
48

4.800000000000003e-01

8.701216200879406e-01

4.800000000000003e-01
49

4.900000000000003e-01

8.352256426243567e-01

4.900000000000003e-01
50

5.000000000000002e-01

7.998678412049809e-01

5.000000000000002e-01
51

5.100000000000002e-01

7.640963737423595e-01

5.100000000000002e-01
52

5.200000000000002e-01

7.279558199805496e-01

5.200000000000002e-01
53

5.300000000000002e-01

6.914877191950496e-01

5.300000000000002e-01
54

5.400000000000003e-01

6.547311997618018e-01

5.400000000000003e-01
55

5.500000000000003e-01

6.177237732385660e-01

5.500000000000003e-01
56

5.600000000000003e-01

5.805024185469894e-01

5.600000000000003e-01
57

5.700000000000003e-01

5.431051809221321e-01

5.700000000000003e-01
58

5.800000000000003e-01

5.055737085727162e-01

5.800000000000003e-01
59

5.900000000000003e-01

4.679575671067938e-01

5.900000000000003e-01
60

6.000000000000003e-01

4.303220940833522e-01

6.000000000000003e-01
61

6.100000000000003e-01

3.927636994096109e-01

6.100000000000003e-01
62

6.200000000000003e-01

3.554416926356584e-01

6.200000000000003e-01
63

6.300000000000003e-01

3.186480888600473e-01

6.300000000000003e-01
64

6.400000000000003e-01

2.829608438155869e-01

6.400000000000003e-01
65

6.500000000000004e-01

2.495210596856215e-01

6.500000000000004e-01
66

6.600000000000004e-01

2.201556266558995e-01

6.600000000000004e-01
67

6.700000000000004e-01

1.964359396969282e-01

6.700000000000004e-01
68

6.800000000000004e-01

1.783037629446254e-01

6.800000000000004e-01
69

6.900000000000004e-01

1.644006391899585e-01

6.900000000000004e-01
70

7.000000000000004e-01

1.533574733473606e-01

7.000000000000004e-01
71

7.100000000000004e-01

1.442955478863422e-01

7.100000000000004e-01
72

7.200000000000004e-01

1.366740364542338e-01

7.200000000000004e-01
73

7.300000000000004e-01

1.301382554226087e-01

7.300000000000004e-01
74

7.400000000000004e-01

1.244462927425495e-01

7.400000000000004e-01
75

7.500000000000004e-01

1.194273721539374e-01

7.500000000000004e-01
76

7.600000000000005e-01

1.149569047300678e-01

7.600000000000005e-01
77

7.700000000000005e-01

1.109413524425003e-01

7.700000000000005e-01
78

7.800000000000005e-01

1.073087495656396e-01

7.800000000000005e-01
79

7.900000000000005e-01

1.040025614616282e-01

7.900000000000005e-01
80

8.000000000000005e-01

1.009775777631565e-01

8.000000000000005e-01
81

8.100000000000005e-01

9.819708611082439e-02

8.100000000000005e-01
82

8.200000000000005e-01

9.563087665714345e-02

8.200000000000005e-01
83

8.300000000000005e-01

9.325380069418185e-02

8.300000000000005e-01
84

8.400000000000005e-01

9.104470828606701e-02

8.400000000000005e-01
85

8.500000000000005e-01

8.898565106192252e-02

8.500000000000005e-01
86

8.600000000000005e-01

8.706127433416982e-02

8.600000000000005e-01
87

8.700000000000006e-01

8.525834689373196e-02

8.700000000000006e-01
88

8.800000000000006e-01

8.356539259035768e-02

8.800000000000006e-01
89

8.900000000000006e-01

8.197239829493871e-02

8.900000000000006e-01
90

9.000000000000006e-01

8.047057996194382e-02

9.000000000000006e-01
91

9.100000000000006e-01

7.905219343341423e-02

9.100000000000006e-01
92

9.200000000000006e-01

7.771038008675166e-02

9.200000000000006e-01
93

9.300000000000006e-01

7.643903989868141e-02

9.300000000000006e-01
94

9.400000000000006e-01

7.523272628580299e-02

9.400000000000006e-01
95

9.500000000000006e-01

7.408655839331194e-02

9.500000000000006e-01
96

9.600000000000006e-01

7.299614747655328e-02

9.600000000000006e-01
97

9.700000000000006e-01

7.195753475030055e-02

9.700000000000006e-01
98

9.800000000000006e-01

7.096713863431554e-02

9.800000000000006e-01
99

9.900000000000007e-01

7.002170974758706e-02

9.900000000000007e-01
100

1.000000000000001e+00

6.911829233100575e-02

1.000000000000001e+00
101

1.010000000000001e+00

6.825419103320592e-02

1.010000000000001e+00
102

1.020000000000001e+00

6.742694219444105e-02

1.020000000000001e+00
103

1.030000000000001e+00

6.663428892161601e-02

1.030000000000001e+00
104

1.040000000000001e+00

6.587415937359656e-02

1.040000000000001e+00
105

1.050000000000001e+00

6.514464777687810e-02

1.050000000000001e+00
106

1.060000000000001e+00

6.444399777310127e-02

1.060000000000001e+00
107

1.070000000000001e+00

6.377058776590114e-02

1.070000000000001e+00
108

1.080000000000001e+00

6.312291798839098e-02

1.080000000000001e+00
109

1.090000000000001e+00

6.249959905667673e-02

1.090000000000001e+00
110

1.100000000000001e+00

6.189934181111249e-02

1.100000000000001e+00
111

1.110000000000001e+00

6.132094827704580e-02

1.110000000000001e+00
112

1.120000000000001e+00

6.076330360176461e-02

1.120000000000001e+00
113

1.130000000000001e+00

6.022536884518449e-02

1.130000000000001e+00
114

1.140000000000001e+00

5.970617451926347e-02

1.140000000000001e+00
115

1.150000000000001e+00

5.920481478580483e-02

1.150000000000001e+00
116

1.160000000000001e+00

5.872044223469034e-02

1.160000000000001e+00
117

1.170000000000001e+00

5.825226317507502e-02

1.170000000000001e+00
118

1.180000000000001e+00

5.779953338098670e-02

1.180000000000001e+00
119

1.190000000000001e+00

5.736155424036943e-02

1.190000000000001e+00
120

1.200000000000001e+00

5.693766926310665e-02

1.200000000000001e+00
121

1.210000000000001e+00

5.652726090912930e-02

1.210000000000001e+00
122

1.220000000000001e+00

5.612974770250657e-02

1.220000000000001e+00
123

1.230000000000001e+00

5.574458160154633e-02

1.230000000000001e+00
124

1.240000000000001e+00

5.537124559850602e-02

1.240000000000001e+00
125

1.250000000000001e+00

5.500925152560827e-02

1.250000000000001e+00
126

1.260000000000001e+00

5.465813804674834e-02

1.260000000000001e+00
127

1.270000000000001e+00

5.431746881662149e-02

1.270000000000001e+00
128

1.280000000000001e+00

5.398683079104300e-02

1.280000000000001e+00
129

1.290000000000001e+00

5.366583267402539e-02

1.290000000000001e+00
130

1.300000000000001e+00

5.335410348874207e-02

1.300000000000001e+00
131

1.310000000000001e+00

5.305129126088748e-02

1.310000000000001e+00
132

1.320000000000001e+00

5.275706180415443e-02

1.320000000000001e+00
133

1.330000000000001e+00

5.247109759862126e-02

1.330000000000001e+00
134

1.340000000000001e+00

5.219309675378257e-02

1.340000000000001e+00
135

1.350000000000001e+00

5.192277204879936e-02

1.350000000000001e+00
136

1.360000000000001e+00

5.165985004327961e-02

1.360000000000001e+00
137

1.370000000000001e+00

5.140407025256537e-02

1.370000000000001e+00
138

1.380000000000001e+00

5.115518438208352e-02

1.380000000000001e+00
139

1.390000000000001e+00

5.091295561584282e-02

1.390000000000001e+00
140

1.400000000000001e+00

5.067715795462501e-02

1.400000000000001e+00
141

1.410000000000001e+00

5.044757559983429e-02

1.410000000000001e+00
142

1.420000000000001e+00

5.022400237934230e-02

1.420000000000001e+00
143

1.430000000000001e+00

5.000624121200151e-02

1.430000000000001e+00
144

1.440000000000001e+00

4.979410360779801e-02

1.440000000000001e+00
145

1.450000000000001e+00

4.958740920088715e-02

1.450000000000001e+00
146

1.460000000000001e+00

4.938598531299525e-02

1.460000000000001e+00
147

1.470000000000001e+00

4.918966654489340e-02

1.470000000000001e+00
148

1.480000000000001e+00

4.899829439384303e-02

1.480000000000001e+00
149

1.490000000000001e+00

4.881171689509544e-02

1.490000000000001e+00
150

1.500000000000001e+00

4.862978828568474e-02

1.500000000000001e+00
151

1.510000000000001e+00

4.845236868890467e-02

1.510000000000001e+00
152

1.520000000000001e+00

4.827932381798788e-02

1.520000000000001e+00
153

1.530000000000001e+00

4.811052469763044e-02

1.530000000000001e+00
154

1.540000000000001e+00

4.794584740211174e-02

1.540000000000001e+00
155

1.550000000000001e+00

4.778517280885927e-02

1.550000000000001e+00
156

1.560000000000001e+00

4.762838636640060e-02

1.560000000000001e+00
157

1.570000000000001e+00

4.747537787572476e-02

1.570000000000001e+00
158

1.580000000000001e+00

4.732604128415355e-02

1.580000000000001e+00
159

1.590000000000001e+00

4.718027449088890e-02

1.590000000000001e+00
160

1.600000000000001e+00

4.703797916346904e-02

1.600000000000001e+00
161

1.610000000000001e+00

4.689906056442132e-02

1.610000000000001e+00
162

1.620000000000001e+00

4.676342738745269e-02

1.620000000000001e+00
163

1.630000000000001e+00

4.663099160256821e-02

1.630000000000001e+00
164

1.640000000000001e+00

4.650166830955257e-02

1.640000000000001e+00
165

1.650000000000001e+00

4.637537559928820e-02

1.650000000000001e+00
166

1.660000000000001e+00

4.625203442242373e-02

1.660000000000001e+00
167

1.670000000000001e+00

4.613156846493992e-02

1.670000000000001e+00
168

1.680000000000001e+00

4.601390403019121e-02

1.680000000000001e+00
169

1.690000000000001e+00

4.589896992703152e-02

1.690000000000001e+00
170

1.700000000000001e+00

4.578669736365995e-02

1.700000000000001e+00
171

1.710000000000001e+00

4.567701984684567e-02

1.710000000000001e+00
172

1.720000000000001e+00

4.556987308621512e-02

1.720000000000001e+00
173

1.730000000000001e+00

4.546519490330643e-02

1.730000000000001e+00
174

1.740000000000001e+00

4.536292514511492e-02

1.740000000000001e+00
175

1.750000000000001e+00

4.526300560187105e-02

1.750000000000001e+00
176

1.760000000000001e+00

4.516537992881114e-02

1.760000000000001e+00
177

1.770000000000001e+00

4.506999357171456e-02

1.770000000000001e+00
178

1.780000000000001e+00

4.497679369599670e-02

1.780000000000001e+00
179

1.790000000000001e+00

4.488572911916080e-02

1.790000000000001e+00
180

1.800000000000001e+00

4.479675024642310e-02

1.800000000000001e+00
