1.0E7 0.0646735526574881
1.0471285480509E7 0.06467350467997664
1.096478196143185E7 0.06467345207374033
1.148153621496883E7 0.06467339439222006
1.202264434617413E7 0.06467333114577592
1.258925411794168E7 0.06467326179753129
1.318256738556408E7 0.0646731857588162
1.380384264602885E7 0.06467310238417104
1.445439770745928E7 0.06467301096586839
1.513561248436209E7 0.0646729107279067
1.584893192461115E7 0.06467280081942442
1.659586907437562E7 0.06467268030747918
1.737800828749377E7 0.06467254816913055
1.819700858609985E7 0.06467240328275928
1.905460717963249E7 0.0646722444185495
1.995262314968882E7 0.06467207022805324
2.089296130854042E7 0.06467187923274866
2.187761623949555E7 0.06467166981149523
2.290867652767776E7 0.0646714401867795
2.398832919019494E7 0.0646711884096349
2.511886431509584E7 0.06467091234310791
2.630267991895386E7 0.06467060964413096
2.754228703338171E7 0.06467027774364778
2.884031503126611E7 0.06466991382482402
3.019951720402022E7 0.06466951479915815
3.162277660168386E7 0.06466907728029093
3.311311214825918E7 0.0646685975552919
3.467368504525324E7 0.06466807155318048
3.630780547701021E7 0.06466749481041557
3.801893963205621E7 0.06466686243306267
3.981071705534982E7 0.06466616905531881
4.168693834703364E7 0.0646654087940464
4.36515832240167E7 0.06466457519893182
4.570881896148762E7 0.0646636611978501
4.786300923226396E7 0.06466265903697548
5.011872336272737E7 0.06466156021513433
5.248074602497741E7 0.06466035541184958
5.495408738576262E7 0.06465903440847254
5.754399373371587E7 0.06465758600174128
6.025595860743596E7 0.06465599790904267
6.309573444801953E7 0.06465425666458537
6.606934480075981E7 0.0646523475056182
6.918309709189388E7 0.06465025424774558
7.244359600749926E7 0.06464795914830304
7.585775750291865E7 0.0646454427566597
7.943282347242844E7 0.0646426837502072
8.317637711026742E7 0.06463965875468108
8.70963589956084E7 0.0646363421473342
9.120108393559134E7 0.06463270584134521
9.549925860214399E7 0.06462871904969768
1.000000000000004E8 0.06462434802660315
1.047128548050904E8 0.06461955578436711
1.09647819614319E8 0.06461430178340773
1.148153621496888E8 0.0646085415929312
1.202264434617418E8 0.06460222651954597
1.258925411794173E8 0.06459530320085961
1.318256738556413E8 0.06458771316084232
1.380384264602891E8 0.06457939232346604
1.445439770745934E8 0.06457027048082817
1.513561248436215E8 0.06456027071165232
1.584893192461121E8 0.06454930874571818
1.659586907437569E8 0.06453729226941037
1.737800828749384E8 0.06452412016719539
1.819700858609993E8 0.06450968169343045
1.905460717963257E8 0.06449385556848616
1.99526231496889E8 0.06447650899272325
2.089296130854051E8 0.06445749657140817
2.187761623949564E8 0.06443665914318483
2.290867652767785E8 0.06441382250424701
2.398832919019504E8 0.06438879601988358
2.511886431509594E8 0.0643613711146067
2.630267991895397E8 0.0643313196316326
2.754228703338182E8 0.0642983920520796
2.884031503126622E8 0.06426231556389726
3.019951720402034E8 0.06422279197026672
3.162277660168398E8 0.06417949542704152
3.311311214825931E8 0.06413206999876551
3.467368504525337E8 0.0640801270229515
3.630780547701036E8 0.06402324227267593
3.801893963205636E8 0.06396095290820779
3.981071705534998E8 0.0638927542094054
4.16869383470338E8 0.06381809608207452
4.365158322401688E8 0.06373637933347727
4.57088189614878E8 0.06364695171483215
4.786300923226415E8 0.06354910373208371
5.011872336272756E8 0.06344206423059828
5.248074602497762E8 0.06332499576493944
5.495408738576283E8 0.06319698977168842
5.75439937337161E8 0.06305706157162803
6.02559586074362E8 0.06290414523774633
6.309573444801978E8 0.06273708837770973
6.606934480076008E8 0.06255464689398743
6.918309709189415E8 0.06235547980197652
7.244359600749954E8 0.06213814420657456
7.585775750291895E8 0.06190109056095378
7.943282347242875E8 0.06164265835804839
8.317637711026773E8 0.06136107243564864
8.709635899560874E8 0.06105444011006659
9.120108393559169E8 0.06072074939101132
9.549925860214435E8 0.06035786857127282
1.000000000000008E9 0.05996354752845785
1.047128548050908E9 0.0595354211213566
1.096478196143194E9 0.05907101510905702
1.148153621496892E9 0.05856775506458343
1.202264434617423E9 0.05802297879380554
1.258925411794178E9 0.05743395280100923
1.318256738556418E9 0.05679789336028395
1.380384264602896E9 0.05611199275124598
1.44543977074594E9 0.05537345119212665
1.513561248436221E9 0.05457951494565209
1.584893192461127E9 0.05372752097564658
1.659586907437575E9 0.05281494838707243
1.737800828749391E9 0.05183947668208504
1.81970085861E9 0.05079905060403108
1.905460717963264E9 0.0496919510173344
1.995262314968898E9 0.0485168708852611
2.089296130854059E9 0.04727299496668835
2.187761623949573E9 0.04596008137139867
2.290867652767794E9 0.04457854261352639
2.398832919019513E9 0.04312952331581191
2.511886431509604E9 0.0416149712828341
2.630267991895407E9 0.04003769832558116
2.754228703338192E9 0.03840142703220421
2.884031503126633E9 0.03671081968890565
3.019951720402045E9 0.03497148580169451
3.162277660168409E9 0.03318996518129803
3.311311214825943E9 0.03137368433656504
3.46736850452535E9 0.02953088495748578
3.630780547701048E9 0.02767052451075808
3.801893963205649E9 0.02580215034497587
3.981071705535011E9 0.02393575011344246
4.168693834703395E9 0.02208158266177915
4.365158322401703E9 0.02024999468515813
4.570881896148796E9 0.01845122933811456
4.786300923226432E9 0.01669523350424193
5.011872336272774E9 0.01499147056226812
5.24807460249778E9 0.0133487452150925
5.495408738576303E9 0.01177504631206924
5.75439937337163E9 0.01027741265581998
6.025595860743641E9 0.008861825628185716
6.309573444801999E9 0.007533131190440276
6.606934480076031E9 0.006294992503802628
6.91830970918944E9 0.005149873159644582
7.24435960074998E9 0.004099049869084517
7.585775750291922E9 0.00314265248309737
7.943282347242904E9 0.002279728421430181
8.317637711026804E9 0.001508327989568373
8.709635899560905E9 8.256066538180013E-4
9.120108393559202E9 2.279401139349299E-4
