Title:
*inverter
Date:
Tue
Jun
21
19:30:18

2011
Plotname:
DC
transfer
characteristic
Flags:
real
No.
Variables:
3
No.
Points:
201





Variables:

0
v(v-sweep)
voltage

1
v(out)
voltage

2
v(in)
voltage
Values:
0

0.000000000000000e+00

1.096949712030467e+00

0.000000000000000e+00
1

1.000000000000000e-02

1.096052356230159e+00

1.000000000000000e-02
2

2.000000000000000e-02

1.094896670135425e+00

2.000000000000000e-02
3

3.000000000000000e-02

1.093413092580522e+00

3.000000000000000e-02
4

4.000000000000000e-02

1.091515945733869e+00

4.000000000000000e-02
5

5.000000000000000e-02

1.089101107681547e+00

5.000000000000000e-02
6

6.000000000000000e-02

1.086044103016136e+00

6.000000000000000e-02
7

7.000000000000001e-02

1.082199054633245e+00

7.000000000000001e-02
8

8.000000000000000e-02

1.077399046575827e+00

8.000000000000000e-02
9

9.000000000000000e-02

1.071458468069680e+00

9.000000000000000e-02
10

9.999999999999999e-02

1.064177785196844e+00

9.999999999999999e-02
11

1.100000000000000e-01

1.055350869937113e+00

1.100000000000000e-01
12

1.200000000000000e-01

1.044774518057197e+00

1.200000000000000e-01
13

1.300000000000000e-01

1.032259213572714e+00

1.300000000000000e-01
14

1.400000000000000e-01

1.017639739828424e+00

1.400000000000000e-01
15

1.500000000000000e-01

1.000784098195468e+00

1.500000000000000e-01
16

1.600000000000000e-01

9.815994761917909e-01

1.600000000000000e-01
17

1.700000000000000e-01

9.600346312856167e-01

1.700000000000000e-01
18

1.800000000000000e-01

9.360787997016370e-01

1.800000000000000e-01
19

1.900000000000000e-01

9.097578549326608e-01

1.900000000000000e-01
20

2.000000000000000e-01

8.811287424634859e-01

2.000000000000000e-01
21

2.100000000000000e-01

8.502732084349590e-01

2.100000000000000e-01
22

2.200000000000001e-01

8.172916184602017e-01

2.200000000000001e-01
23

2.300000000000001e-01

7.822973491352561e-01

2.300000000000001e-01
24

2.400000000000001e-01

7.454119497968891e-01

2.400000000000001e-01
25

2.500000000000001e-01

7.067610810981475e-01

2.500000000000001e-01
26

2.600000000000001e-01

6.664711514662524e-01

2.600000000000001e-01
27

2.700000000000001e-01

6.246665817329538e-01

2.700000000000001e-01
28

2.800000000000001e-01

5.814677030042921e-01

2.800000000000001e-01
29

2.900000000000001e-01

5.369893988396980e-01

2.900000000000001e-01
30

3.000000000000001e-01

4.913407098848852e-01

3.000000000000001e-01
31

3.100000000000001e-01

4.446257229961679e-01

3.100000000000001e-01
32

3.200000000000001e-01

3.969462473973560e-01

3.200000000000001e-01
33

3.300000000000001e-01

3.484073496509194e-01

3.300000000000001e-01
34

3.400000000000001e-01

2.991287388213033e-01

3.400000000000001e-01
35

3.500000000000001e-01

2.492714491374438e-01

3.500000000000001e-01
36

3.600000000000002e-01

1.991134817280086e-01

3.600000000000002e-01
37

3.700000000000002e-01

1.493176140282405e-01

3.700000000000002e-01
38

3.800000000000002e-01

1.021046835043820e-01

3.800000000000002e-01
39

3.900000000000002e-01

6.495355545934035e-02

3.900000000000002e-01
40

4.000000000000002e-01

4.409284659612587e-02

4.000000000000002e-01
41

4.100000000000002e-01

3.283264314606425e-02

4.100000000000002e-01
42

4.200000000000002e-01

2.585417773308392e-02

4.200000000000002e-01
43

4.300000000000002e-01

2.105294231449911e-02

4.300000000000002e-01
44

4.400000000000002e-01

1.754089475874639e-02

4.400000000000002e-01
45

4.500000000000002e-01

1.490992470161398e-02

4.500000000000002e-01
46

4.600000000000002e-01

1.286788134690085e-02

4.600000000000002e-01
47

4.700000000000003e-01

1.125335023201572e-02

4.700000000000003e-01
48

4.800000000000003e-01

9.958608846018209e-03

4.800000000000003e-01
49

4.900000000000003e-01

8.907708675829757e-03

4.900000000000003e-01
50

5.000000000000002e-01

8.045816171013116e-03

5.000000000000002e-01
51

5.100000000000002e-01

7.332423833689885e-03

5.100000000000002e-01
52

5.200000000000002e-01

6.737040168052071e-03

5.200000000000002e-01
53

5.300000000000002e-01

6.236359393261725e-03

5.300000000000002e-01
54

5.400000000000003e-01

5.812339402282281e-03

5.400000000000003e-01
55

5.500000000000003e-01

5.450860465548320e-03

5.500000000000003e-01
56

5.600000000000003e-01

5.140767834039824e-03

5.600000000000003e-01
57

5.700000000000003e-01

4.873175361576301e-03

5.700000000000003e-01
58

5.800000000000003e-01

4.640950890927003e-03

5.800000000000003e-01
59

5.900000000000003e-01

4.438330807204879e-03

5.900000000000003e-01
60

6.000000000000003e-01

4.260627980185978e-03

6.000000000000003e-01
61

6.100000000000003e-01

4.104008232009556e-03

6.100000000000003e-01
62

6.200000000000003e-01

3.965317730016006e-03

6.200000000000003e-01
63

6.300000000000003e-01

3.841948645673836e-03

6.300000000000003e-01
64

6.400000000000003e-01

3.731733847701446e-03

6.400000000000003e-01
65

6.500000000000004e-01

3.632863815138230e-03

6.500000000000004e-01
66

6.600000000000004e-01

3.543820687107626e-03

6.600000000000004e-01
67

6.700000000000004e-01

3.463325621598121e-03

6.700000000000004e-01
68

6.800000000000004e-01

3.390296556831013e-03

6.800000000000004e-01
69

6.900000000000004e-01

3.323814151611402e-03

6.900000000000004e-01
70

7.000000000000004e-01

3.263094191772244e-03

7.000000000000004e-01
71

7.100000000000004e-01

3.207465134922968e-03

7.100000000000004e-01
72

7.200000000000004e-01

3.156349758242045e-03

7.200000000000004e-01
73

7.300000000000004e-01

3.109250097757767e-03

7.300000000000004e-01
74

7.400000000000004e-01

3.065735039694422e-03

7.400000000000004e-01
75

7.500000000000004e-01

3.025430057669164e-03

7.500000000000004e-01
76

7.600000000000005e-01

2.988008693161876e-03

7.600000000000005e-01
77

7.700000000000005e-01

2.953185457713634e-03

7.700000000000005e-01
78

7.800000000000005e-01

2.920709898968821e-03

7.800000000000005e-01
79

7.900000000000005e-01

2.890361622910378e-03

7.900000000000005e-01
80

8.000000000000005e-01

2.861946104447389e-03

8.000000000000005e-01
81

8.100000000000005e-01

2.835291150191378e-03

8.100000000000005e-01
82

8.200000000000005e-01

2.810243902562062e-03

8.200000000000005e-01
83

8.300000000000005e-01

2.786668294653726e-03

8.300000000000005e-01
84

8.400000000000005e-01

2.764442881621591e-03

8.400000000000005e-01
85

8.500000000000005e-01

2.743458987534622e-03

8.500000000000005e-01
86

8.600000000000005e-01

2.723619117326834e-03

8.600000000000005e-01
87

8.700000000000006e-01

2.704835592165859e-03

8.700000000000006e-01
88

8.800000000000006e-01

2.687029373644825e-03

8.800000000000006e-01
89

8.900000000000006e-01

2.670129047999623e-03

8.900000000000006e-01
90

9.000000000000006e-01

2.654069946311408e-03

9.000000000000006e-01
91

9.100000000000006e-01

2.638793380571023e-03

9.100000000000006e-01
92

9.200000000000006e-01

2.624245978713029e-03

9.200000000000006e-01
93

9.300000000000006e-01

2.610379104403832e-03

9.300000000000006e-01
94

9.400000000000006e-01

2.597148349588452e-03

9.400000000000006e-01
95

9.500000000000006e-01

2.584513089649414e-03

9.500000000000006e-01
96

9.600000000000006e-01

2.572436092573017e-03

9.600000000000006e-01
97

9.700000000000006e-01

2.560883174808796e-03

9.700000000000006e-01
98

9.800000000000006e-01

2.549822897589510e-03

9.800000000000006e-01
99

9.900000000000007e-01

2.539226298388261e-03

9.900000000000007e-01
100

1.000000000000001e+00

2.529066652956371e-03

1.000000000000001e+00
101

1.010000000000001e+00

2.519319264031593e-03

1.010000000000001e+00
102

1.020000000000001e+00

2.509961273354211e-03

1.020000000000001e+00
103

1.030000000000001e+00

2.500971494093343e-03

1.030000000000001e+00
104

1.040000000000001e+00

2.492330261179610e-03

1.040000000000001e+00
105

1.050000000000001e+00

2.484019297377300e-03

1.050000000000001e+00
106

1.060000000000001e+00

2.476021593215549e-03

1.060000000000001e+00
107

1.070000000000001e+00

2.468321299143981e-03

1.070000000000001e+00
108

1.080000000000001e+00

2.460903628488648e-03

1.080000000000001e+00
109

1.090000000000001e+00

2.453754769965619e-03

1.090000000000001e+00
110

1.100000000000001e+00

2.446861808666547e-03

1.100000000000001e+00
111

1.110000000000001e+00

2.440212654565550e-03

1.110000000000001e+00
112

1.120000000000001e+00

2.433795977716157e-03

1.120000000000001e+00
113

1.130000000000001e+00

2.427601149409449e-03

1.130000000000001e+00
114

1.140000000000001e+00

2.421618188656244e-03

1.140000000000001e+00
115

1.150000000000001e+00

2.415837713435104e-03

1.150000000000001e+00
116

1.160000000000001e+00

2.410250896218839e-03

1.160000000000001e+00
117

1.170000000000001e+00

2.404849423351900e-03

1.170000000000001e+00
118

1.180000000000001e+00

2.399625457906143e-03

1.180000000000001e+00
119

1.190000000000001e+00

2.394571605685568e-03

1.190000000000001e+00
120

1.200000000000001e+00

2.389680884090888e-03

1.200000000000001e+00
121

1.210000000000001e+00

2.384946693585447e-03

1.210000000000001e+00
122

1.220000000000001e+00

2.380362791531431e-03

1.220000000000001e+00
123

1.230000000000001e+00

2.375923268186091e-03

1.230000000000001e+00
124

1.240000000000001e+00

2.371622524666448e-03

1.240000000000001e+00
125

1.250000000000001e+00

2.367455252705651e-03

1.250000000000001e+00
126

1.260000000000001e+00

2.363416416038396e-03

1.260000000000001e+00
127

1.270000000000001e+00

2.359501233264485e-03

1.270000000000001e+00
128

1.280000000000001e+00

2.355705162052524e-03

1.280000000000001e+00
129

1.290000000000001e+00

2.352023884556366e-03

1.290000000000001e+00
130

1.300000000000001e+00

2.348453293929546e-03

1.300000000000001e+00
131

1.310000000000001e+00

2.344989481832846e-03

1.310000000000001e+00
132

1.320000000000001e+00

2.341628726841869e-03

1.320000000000001e+00
133

1.330000000000001e+00

2.338367483671074e-03

1.330000000000001e+00
134

1.340000000000001e+00

2.335202373139811e-03

1.340000000000001e+00
135

1.350000000000001e+00

2.332130172814539e-03

1.350000000000001e+00
136

1.360000000000001e+00

2.329147808268729e-03

1.360000000000001e+00
137

1.370000000000001e+00

2.326252344908853e-03

1.370000000000001e+00
138

1.380000000000001e+00

2.323440980319272e-03

1.380000000000001e+00
139

1.390000000000001e+00

2.320711037085272e-03

1.390000000000001e+00
140

1.400000000000001e+00

2.318059956056267e-03

1.400000000000001e+00
141

1.410000000000001e+00

2.315485290015824e-03

1.410000000000001e+00
142

1.420000000000001e+00

2.312984697727111e-03

1.420000000000001e+00
143

1.430000000000001e+00

2.310555938326216e-03

1.430000000000001e+00
144

1.440000000000001e+00

2.308196866036557e-03

1.440000000000001e+00
145

1.450000000000001e+00

2.305905425181886e-03

1.450000000000001e+00
146

1.460000000000001e+00

2.303679645474414e-03

1.460000000000001e+00
147

1.470000000000001e+00

2.301517637558700e-03

1.470000000000001e+00
148

1.480000000000001e+00

2.299417588792105e-03

1.480000000000001e+00
149

1.490000000000001e+00

2.297377759244344e-03

1.490000000000001e+00
150

1.500000000000001e+00

2.295396477899795e-03

1.500000000000001e+00
151

1.510000000000001e+00

2.293472139048429e-03

1.510000000000001e+00
152

1.520000000000001e+00

2.291603198850272e-03

1.520000000000001e+00
153

1.530000000000001e+00

2.289788172062244e-03

1.530000000000001e+00
154

1.540000000000001e+00

2.288025628914453e-03

1.540000000000001e+00
155

1.550000000000001e+00

2.286314192126410e-03

1.550000000000001e+00
156

1.560000000000001e+00

2.284652534053176e-03

1.560000000000001e+00
157

1.570000000000001e+00

2.283039373952794e-03

1.570000000000001e+00
158

1.580000000000001e+00

2.281473475367897e-03

1.580000000000001e+00
159

1.590000000000001e+00

2.279953643614440e-03

1.590000000000001e+00
160

1.600000000000001e+00

2.278478723371944e-03

1.600000000000001e+00
161

1.610000000000001e+00

2.277047596370855e-03

1.610000000000001e+00
162

1.620000000000001e+00

2.275659179172117e-03

1.620000000000001e+00
163

1.630000000000001e+00

2.274312421037481e-03

1.630000000000001e+00
164

1.640000000000001e+00

2.273006301886630e-03

1.640000000000001e+00
165

1.650000000000001e+00

2.271739830341163e-03

1.650000000000001e+00
166

1.660000000000001e+00

2.270512041853655e-03

1.660000000000001e+00
167

1.670000000000001e+00

2.269321996922574e-03

1.670000000000001e+00
168

1.680000000000001e+00

2.268168779393249e-03

1.680000000000001e+00
169

1.690000000000001e+00

2.267051494846325e-03

1.690000000000001e+00
170

1.700000000000001e+00

2.265969269074749e-03

1.700000000000001e+00
171

1.710000000000001e+00

2.264921246652108e-03

1.710000000000001e+00
172

1.720000000000001e+00

2.263906589593411e-03

1.720000000000001e+00
173

1.730000000000001e+00

2.262924476111649e-03

1.730000000000001e+00
174

1.740000000000001e+00

2.261974099470958e-03

1.740000000000001e+00
175

1.750000000000001e+00

2.261054666939532e-03

1.750000000000001e+00
176

1.760000000000001e+00

2.260165398843485e-03

1.760000000000001e+00
177

1.770000000000001e+00

2.259305527722618e-03

1.770000000000001e+00
178

1.780000000000001e+00

2.258474297588822e-03

1.780000000000001e+00
179

1.790000000000001e+00

2.257670963287529e-03

1.790000000000001e+00
180

1.800000000000001e+00

2.256894789960509e-03

1.800000000000001e+00
181

1.810000000000001e+00

2.256145052608467e-03

1.810000000000001e+00
182

1.820000000000001e+00

2.255421035751322e-03

1.820000000000001e+00
183

1.830000000000001e+00

2.254722033181919e-03

1.830000000000001e+00
184

1.840000000000001e+00

2.254047347808381e-03

1.840000000000001e+00
185

1.850000000000001e+00

2.253396291580983e-03

1.850000000000001e+00
186

1.860000000000001e+00

2.252768185495018e-03

1.860000000000001e+00
187

1.870000000000001e+00

2.252162359665214e-03

1.870000000000001e+00
188

1.880000000000001e+00

2.251578153461610e-03

1.880000000000001e+00
189

1.890000000000001e+00

2.251014915700283e-03

1.890000000000001e+00
190

1.900000000000001e+00

2.250472004879665e-03

1.900000000000001e+00
191

1.910000000000001e+00

2.249948789453972e-03

1.910000000000001e+00
192

1.920000000000001e+00

2.249444648134569e-03

1.920000000000001e+00
193

1.930000000000001e+00

2.248958970211275e-03

1.930000000000001e+00
194

1.940000000000002e+00

2.248491155884588e-03

1.940000000000002e+00
195

1.950000000000002e+00

2.248040616600738e-03

1.950000000000002e+00
196

1.960000000000002e+00

2.247606775382917e-03

1.960000000000002e+00
197

1.970000000000002e+00

2.247189067150893e-03

1.970000000000002e+00
198

1.980000000000002e+00

2.246786939023062e-03

1.980000000000002e+00
199

1.990000000000002e+00

2.246399850596526e-03

1.990000000000002e+00
200

2.000000000000001e+00

2.246027274198799e-03

2.000000000000001e+00
