Title:
*inverter
Date:
Fri
Jul

8
15:16:53

2011
Plotname:
Transient
Analysis
Flags:
real
No.
Variables:
3
No.
Points:
172





Variables:

0
time
time

1
v(out)
voltage

2
v(in)
voltage
Values:
0

0.000000000000000e+00

-3.899187470558138e-01

0.000000000000000e+00
1

5.000000000000001e-12

-3.899187237505495e-01

5.500000000000001e-03
2

1.000000000000000e-11

-3.899186629521247e-01

1.100000000000000e-02
3

2.000000000000000e-11

-3.899184947000159e-01

2.200000000000000e-02
4

4.000000000000000e-11

-3.899178333733127e-01

4.400000000000000e-02
5

8.000000000000001e-11

-3.899152460292108e-01

8.800000000000001e-02
6

1.600000000000000e-10

-3.899048608887888e-01

1.760000000000000e-01
7

3.200000000000000e-10

-3.898634000997454e-01

3.520000000000000e-01
8

6.400000000000001e-10

-3.896977994058551e-01

7.040000000000001e-01
9

1.000000000000000e-09

-3.893802641714106e-01

1.100000000000000e+00
10

1.064000000000000e-09

-3.893115777334575e-01

1.100000000000000e+00
11

1.192000000000000e-09

-3.891743606734567e-01

1.100000000000000e+00
12

1.448000000000000e-09

-3.889005762468569e-01

1.100000000000000e+00
13

1.960000000000000e-09

-3.883556668253327e-01

1.100000000000000e+00
14

2.960000000000000e-09

-3.873013051460514e-01

1.100000000000000e+00
15

3.960000000000000e-09

-3.862597746969217e-01

1.100000000000000e+00
16

4.959999999999999e-09

-3.852307078896070e-01

1.100000000000000e+00
17

5.959999999999999e-09

-3.842137322657678e-01

1.100000000000000e+00
18

6.959999999999999e-09

-3.832085011171110e-01

1.100000000000000e+00
19

7.960000000000000e-09

-3.822146758252757e-01

1.100000000000000e+00
20

8.960000000000000e-09

-3.812319503231257e-01

1.100000000000000e+00
21

9.960000000000001e-09

-3.802600423871112e-01

1.100000000000000e+00
22

1.096000000000000e-08

-3.792986470471056e-01

1.100000000000000e+00
23

1.100000000000000e-08

-3.792604132777549e-01

1.099999999999999e+00
24

1.108000000000000e-08

-3.791904019983329e-01

1.012000000000002e+00
25

1.124000000000000e-08

-3.790633740308500e-01

8.360000000000057e-01
26

1.155999999999999e-08

-3.788866034156603e-01

4.840000000000143e-01
27

1.200000000000000e-08

-3.788110907049460e-01

4.549312315749177e-16
28

1.206400000000000e-08

-3.788142261603274e-01

0.000000000000000e+00
29

1.219199999999999e-08

-3.788204772836001e-01

0.000000000000000e+00
30

1.244799999999999e-08

-3.788329606333013e-01

0.000000000000000e+00
31

1.295999999999998e-08

-3.788579144081244e-01

0.000000000000000e+00
32

1.395999999999998e-08

-3.789065165791246e-01

0.000000000000000e+00
33

1.495999999999998e-08

-3.789549258284499e-01

0.000000000000000e+00
34

1.595999999999998e-08

-3.790031678234276e-01

0.000000000000000e+00
35

1.695999999999997e-08

-3.790512349077038e-01

0.000000000000000e+00
36

1.795999999999997e-08

-3.790991269285745e-01

0.000000000000000e+00
37

1.895999999999997e-08

-3.791468552608626e-01

0.000000000000000e+00
38

1.995999999999997e-08

-3.791944085778345e-01

0.000000000000000e+00
39

2.095999999999997e-08

-3.792417968289533e-01

0.000000000000000e+00
40

2.195999999999997e-08

-3.792890048172445e-01

0.000000000000000e+00
41

2.200000000000000e-08

-3.792908859030357e-01

0.000000000000000e+00
42

2.208000000000007e-08

-3.792882507779703e-01

8.800000000007067e-02
43

2.224000000000019e-08

-3.792701286664831e-01

2.640000000002120e-01
44

2.256000000000045e-08

-3.791569177190447e-01

6.160000000004947e-01
45

2.300000000000000e-08

-3.788344023246486e-01

1.099999999999999e+00
46

2.306400000000005e-08

-3.787735577865964e-01

1.100000000000000e+00
47

2.319200000000016e-08

-3.786519550571686e-01

1.100000000000000e+00
48

2.344800000000036e-08

-3.784092538444584e-01

1.100000000000000e+00
49

2.396000000000077e-08

-3.779258149171907e-01

1.100000000000000e+00
50

2.496000000000077e-08

-3.769890209308829e-01

1.100000000000000e+00
51

2.596000000000077e-08

-3.760618433990156e-01

1.100000000000000e+00
52

2.696000000000077e-08

-3.751440664259181e-01

1.100000000000000e+00
53

2.796000000000077e-08

-3.742354455374365e-01

1.100000000000000e+00
54

2.896000000000077e-08

-3.733357601201238e-01

1.100000000000000e+00
55

2.996000000000077e-08

-3.724447989026356e-01

1.100000000000000e+00
56

3.096000000000077e-08

-3.715623596541411e-01

1.100000000000000e+00
57

3.196000000000077e-08

-3.706882564004131e-01

1.100000000000000e+00
58

3.296000000000077e-08

-3.698223219389226e-01

1.100000000000000e+00
59

3.300000000000000e-08

-3.697878525273746e-01

1.099999999999998e+00
60

3.307999999999847e-08

-3.697249536884691e-01

1.012000000001688e+00
61

3.323999999999539e-08

-3.696112582414706e-01

8.360000000050702e-01
62

3.355999999998924e-08

-3.694560133885849e-01

4.840000000118339e-01
63

3.400000000000000e-08

-3.693990468715033e-01

2.274764578091837e-15
64

3.406399999999877e-08

-3.694039457407732e-01

0.000000000000000e+00
65

3.419199999999631e-08

-3.694137360483998e-01

0.000000000000000e+00
66

3.444799999999139e-08

-3.694332869098750e-01

0.000000000000000e+00
67

3.495999999998155e-08

-3.694723784730192e-01

0.000000000000000e+00
68

3.595999999998156e-08

-3.695485990738366e-01

0.000000000000000e+00
69

3.695999999998156e-08

-3.696246279394833e-01

0.000000000000000e+00
70

3.795999999998156e-08

-3.697004850948494e-01

0.000000000000000e+00
71

3.895999999998156e-08

-3.697761460283024e-01

0.000000000000000e+00
72

3.995999999998157e-08

-3.698516092810358e-01

0.000000000000000e+00
73

4.095999999998157e-08

-3.699269128517152e-01

0.000000000000000e+00
74

4.195999999998157e-08

-3.700020145189818e-01

0.000000000000000e+00
75

4.295999999998157e-08

-3.700769284563102e-01

0.000000000000000e+00
76

4.395999999998157e-08

-3.701516688668927e-01

0.000000000000000e+00
77

4.400000000000000e-08

-3.701546583400526e-01

0.000000000000000e+00
78

4.408000000003686e-08

-3.701546145716659e-01

8.800000004054297e-02
79

4.424000000011058e-08

-3.701424932761850e-01

2.640000001216289e-01
80

4.456000000025800e-08

-3.700461947272199e-01

6.160000002838008e-01
81

4.500000000000001e-08

-3.697574018222121e-01

1.100000000000000e+00
82

4.506400000002949e-08

-3.697023010461088e-01

1.100000000000000e+00
83

4.519200000008847e-08

-3.695921857400115e-01

1.100000000000000e+00
84

4.544800000020641e-08

-3.693723264446722e-01

1.100000000000000e+00
85

4.596000000044229e-08

-3.689341673056235e-01

1.100000000000000e+00
86

4.696000000044230e-08

-3.680842795751809e-01

1.100000000000000e+00
87

4.796000000044230e-08

-3.672420017593483e-01

1.100000000000000e+00
88

4.896000000044230e-08

-3.664072207180762e-01

1.100000000000000e+00
89

4.996000000044230e-08

-3.655797232989347e-01

1.100000000000000e+00
90

5.096000000044230e-08

-3.647594175263164e-01

1.100000000000000e+00
91

5.196000000044231e-08

-3.639461318945997e-01

1.100000000000000e+00
92

5.296000000044231e-08

-3.631397223124936e-01

1.100000000000000e+00
93

5.396000000044231e-08

-3.623400603528433e-01

1.100000000000000e+00
94

5.496000000044231e-08

-3.615470257202407e-01

1.100000000000000e+00
95

5.500000000000000e-08

-3.615154365453767e-01

1.100000000000000e+00
96

5.507999999911538e-08

-3.614579408080165e-01

1.012000000973085e+00
97

5.523999999734614e-08

-3.613543323926780e-01

8.360000029192537e-01
98

5.555999999380765e-08

-3.612149782331316e-01

4.840000068115903e-01
99

5.600000000000001e-08

-3.611705991827721e-01

0.000000000000000e+00
100

5.606399999929231e-08

-3.611765576577300e-01

0.000000000000000e+00
101

5.619199999787692e-08

-3.611884555064836e-01

0.000000000000000e+00
102

5.644799999504612e-08

-3.612122348879284e-01

0.000000000000000e+00
103

5.695999998938454e-08

-3.612597927995768e-01

0.000000000000000e+00
104

5.795999998938454e-08

-3.613525873557211e-01

0.000000000000000e+00
105

5.895999998938455e-08

-3.614451959686295e-01

0.000000000000000e+00
106

5.995999998938455e-08

-3.615376551234324e-01

0.000000000000000e+00
107

6.095999998938454e-08

-3.616299561916624e-01

0.000000000000000e+00
108

6.195999998938454e-08

-3.617221103658570e-01

0.000000000000000e+00
109

6.295999998938454e-08

-3.618141054794781e-01

0.000000000000000e+00
110

6.395999998938453e-08

-3.619059368188650e-01

0.000000000000000e+00
111

6.495999998938453e-08

-3.619976131065946e-01

0.000000000000000e+00
112

6.595999998938452e-08

-3.620891136197166e-01

0.000000000000000e+00
113

6.600000000000001e-08

-3.620927650652073e-01

0.000000000000000e+00
114

6.608000002123098e-08

-3.620944157735801e-01

8.800002335406869e-02
115

6.624000006369292e-08

-3.620863644033159e-01

2.640000700622060e-01
116

6.656000014861681e-08

-3.620023106431597e-01

6.160001634784809e-01
117

6.700000000000000e-08

-3.617391222206912e-01

1.099999999999995e+00
118

6.706400001698478e-08

-3.616884868116436e-01

1.100000000000000e+00
119

6.719200005095434e-08

-3.615873069626636e-01

1.100000000000000e+00
120

6.744800011889344e-08

-3.613852488435516e-01

1.100000000000000e+00
121

6.796000025477166e-08

-3.609824103065264e-01

1.100000000000000e+00
122

6.896000025477166e-08

-3.602004579817341e-01

1.100000000000000e+00
123

6.996000025477165e-08

-3.594247790752493e-01

1.100000000000000e+00
124

7.096000025477165e-08

-3.586552700621550e-01

1.100000000000000e+00
125

7.196000025477165e-08

-3.578918434322126e-01

1.100000000000000e+00
126

7.296000025477164e-08

-3.571343760680109e-01

1.100000000000000e+00
127

7.396000025477164e-08

-3.563827595456398e-01

1.100000000000000e+00
128

7.496000025477163e-08

-3.556368694422678e-01

1.100000000000000e+00
129

7.596000025477163e-08

-3.548966421882624e-01

1.100000000000000e+00
130

7.696000025477162e-08

-3.541619926971658e-01

1.100000000000000e+00
131

7.700000000000001e-08

-3.541327194581778e-01

1.099999999999994e+00
132

7.707999949045679e-08

-3.540795393041004e-01

1.012000560497536e+00
133

7.723999847137036e-08

-3.539839384804077e-01

8.360016814926184e-01
134

7.755999643319748e-08

-3.538569407659018e-01

4.840039234827845e-01
135

7.800000000000001e-08

-3.538216009694245e-01

0.000000000000000e+00
136

7.806399959236544e-08

-3.538282000567528e-01

0.000000000000000e+00
137

7.819199877709629e-08

-3.538414045704734e-01

0.000000000000000e+00
138

7.844799714655799e-08

-3.538677981545129e-01

0.000000000000000e+00
139

7.895999388548138e-08

-3.539205577817051e-01

0.000000000000000e+00
140

7.995999388548137e-08

-3.540235233836279e-01

0.000000000000000e+00
141

8.095999388548137e-08

-3.541263624717226e-01

0.000000000000000e+00
142

8.195999388548136e-08

-3.542290695501857e-01

0.000000000000000e+00
143

8.295999388548136e-08

-3.543316583394723e-01

0.000000000000000e+00
144

8.395999388548135e-08

-3.544341295754319e-01

0.000000000000000e+00
145

8.495999388548135e-08

-3.545364736615764e-01

0.000000000000000e+00
146

8.595999388548135e-08

-3.546386921066214e-01

0.000000000000000e+00
147

8.695999388548134e-08

-3.547407950533652e-01

0.000000000000000e+00
148

8.795999388548134e-08

-3.548427816004306e-01

0.000000000000000e+00
149

8.800000000000001e-08

-3.548468600184862e-01

0.000000000000000e+00
150

8.808001222903735e-08

-3.548496413140385e-01

8.801345194107428e-02
151

8.824003668711203e-08

-3.548444643203112e-01

2.640403558232228e-01
152

8.856008560326139e-08

-3.547696988682247e-01

6.160941635875200e-01
153

8.900000000000000e-08

-3.545270797165840e-01

1.099999999999995e+00
154

8.906400978322988e-08

-3.544800671719966e-01

1.100000000000000e+00
155

8.919202934968962e-08

-3.543860999135202e-01

1.100000000000000e+00
156

8.944806848260911e-08

-3.541984564732071e-01

1.100000000000000e+00
157

8.996014674844809e-08

-3.538242369359998e-01

1.100000000000000e+00
158

9.096014674844808e-08

-3.530975386720699e-01

1.100000000000000e+00
159

9.196014674844808e-08

-3.523761474498326e-01

1.100000000000000e+00
160

9.296014674844807e-08

-3.516600219740446e-01

1.100000000000000e+00
161

9.396014674844807e-08

-3.509490581456931e-01

1.100000000000000e+00
162

9.496014674844806e-08

-3.502431666284561e-01

1.100000000000000e+00
163

9.596014674844806e-08

-3.495422874772762e-01

1.100000000000000e+00
164

9.696014674844806e-08

-3.488463286927513e-01

1.100000000000000e+00
165

9.796014674844805e-08

-3.481552376130918e-01

1.100000000000000e+00
166

9.896014674844805e-08

-3.474689260702326e-01

1.100000000000000e+00
167

9.900000000000001e-08

-3.474416710364245e-01

1.099999999999994e+00
168

9.907970650310394e-08

-3.473922292863086e-01

1.012322846585670e+00
169

9.923911950931181e-08

-3.473034649751048e-01

8.369685397570210e-01
170

9.955794552172753e-08

-3.471864805309086e-01

4.862599260997237e-01
171

1.000000000000000e-07

-3.471574102986640e-01

0.000000000000000e+00
