1.0E7 0.008024679712075829
1.0471285480509E7 0.00802462642266689
1.096478196143185E7 0.008024567992868216
1.148153621496883E7 0.008024503926921504
1.202264434617413E7 0.008024433681274415
1.258925411794168E7 0.00802435665997675
1.318256738556408E7 0.008024272209633901
1.380384264602885E7 0.0080241796138752
1.445439770745928E7 0.00802407808729068
1.513561248436209E7 0.008023966768785425
1.584893192461115E7 0.008023844714295821
1.659586907437562E7 0.008023710888806738
1.737800828749377E7 0.008023564157602999
1.819700858609985E7 0.00802340327668208
1.905460717963249E7 0.008023226882248253
1.995262314968882E7 0.00802303347920081
2.089296130854042E7 0.008022821428520868
2.187761623949555E7 0.00802258893345236
2.290867652767776E7 0.008022334024363125
2.398832919019494E7 0.008022054542161408
2.511886431509584E7 0.008021748120131664
2.630267991895386E7 0.008021412164041014
2.754228703338171E7 0.008021043830354199
2.884031503126611E7 0.008020640002380099
3.019951720402022E7 0.008020197264157003
3.162277660168386E7 0.008019711871866553
3.311311214825918E7 0.008019179722547598
3.467368504525324E7 0.008018596319861104
3.630780547701021E7 0.008017956736635606
3.801893963205621E7 0.008017255573899335
3.981071705534982E7 0.008016486916080208
4.168693834703364E7 0.008015644282028106
4.36515832240167E7 0.008014720571485381
4.570881896148762E7 0.00801370800660118
4.786300923226396E7 0.008012598068053134
5.011872336272737E7 0.008011381425306094
5.248074602497741E7 0.008010047860502207
5.495408738576262E7 0.008008586185439658
5.754399373371587E7 0.00800698415105929
6.025595860743596E7 0.00800522834881923
6.309573444801953E7 0.008003304103298189
6.606934480075981E7 0.00800119535532863
6.918309709189388E7 0.007998884534922535
7.244359600749926E7 0.007996352423215796
7.585775750291865E7 0.007993578002623597
7.943282347242844E7 0.007990538294370086
8.317637711026742E7 0.00798720818253293
8.70963589956084E7 0.00798356022372937
9.120108393559134E7 0.00797956444156784
9.549925860214399E7 0.007975188105001516
1.000000000000004E8 0.00797039548975131
1.047128548050904E8 0.007965147622020564
1.09647819614319E8 0.007959402003807832
1.148153621496888E8 0.007953112319244438
1.202264434617418E8 0.007946228121547487
1.258925411794173E8 0.007938694500396342
1.318256738556413E8 0.007930451729821446
1.380384264602891E8 0.007921434897050758
1.445439770745934E8 0.00791157351320518
1.513561248436215E8 0.007900791107284642
1.584893192461121E8 0.007889004805558765
1.659586907437569E8 0.007876124899287896
1.737800828749384E8 0.00786205440467188
1.819700858609993E8 0.007846688620075516
1.905460717963257E8 0.007829914686931455
1.99526231496889E8 0.007811611162293507
2.089296130854051E8 0.007791647612822718
2.187761623949564E8 0.007769884242048895
2.290867652767785E8 0.007746171565067978
2.398832919019504E8 0.007720350147408033
2.511886431509594E8 0.007692250427607418
2.630267991895397E8 0.007661692646063568
2.754228703338182E8 0.007628486905872157
2.884031503126622E8 0.007592433394596774
3.019951720402034E8 0.007553322799065284
3.162277660168398E8 0.007510936948213839
3.311311214825931E8 0.007465049721476817
3.467368504525337E8 0.007415428261979476
3.630780547701036E8 0.007361834534500295
3.801893963205636E8 0.007304027267445393
3.981071705534998E8 0.007241764315480632
4.16869383470338E8 0.007174805474523717
4.365158322401688E8 0.007102915773021704
4.57088189614878E8 0.007025869252364426
4.786300923226415E8 0.006943453234518494
5.011872336272756E8 0.006855473056251595
5.248074602497762E8 0.006761757226602716
5.495408738576283E8 0.006662162937782754
5.75439937337161E8 0.006556581830078751
6.02559586074362E8 0.00644494587964968
6.309573444801978E8 0.006327233245907028
6.606934480076008E8 0.006203473884542134
6.918309709189415E8 0.006073754705725386
7.244359600749954E8 0.005938224037427592
7.585775750291895E8 0.005797095144200253
7.943282347242875E8 0.005650648554944881
8.317637711026773E8 0.005499232971545828
8.709635899560874E8 0.005343264565197472
9.120108393559169E8 0.005183224519042315
