Title:
*inverter
Date:
Tue
Oct

4
13:48:02

2011
Plotname:
AC
Analysis
Flags:
complex
No.
Variables:
3
No.
Points:
101





Variables:

0
frequency
frequency
grid=3

1
v(out)
voltage

2
v(in)
voltage
Values:
0

1.000000000000000e+07,4.000000000000000e-03

8.024679712075829e-03,-6.414713220787286e-05

1.000000000000000e-02,0.000000000000000e+00
1

1.047128548050900e+07,4.000000000000000e-03

8.024626422666889e-03,-6.716981289198465e-05

1.000000000000000e-02,0.000000000000000e+00
2

1.096478196143185e+07,4.000000000000000e-03

8.024567992868216e-03,-7.033487694568226e-05

1.000000000000000e-02,0.000000000000000e+00
3

1.148153621496883e+07,4.000000000000000e-03

8.024503926921504e-03,-7.364902414667069e-05

1.000000000000000e-02,0.000000000000000e+00
4

1.202264434617413e+07,4.000000000000000e-03

8.024433681274415e-03,-7.711926846190745e-05

1.000000000000000e-02,0.000000000000000e+00
5

1.258925411794168e+07,4.000000000000000e-03

8.024356659976750e-03,-8.075295262368086e-05

1.000000000000000e-02,0.000000000000000e+00
6

1.318256738556408e+07,4.000000000000000e-03

8.024272209633901e-03,-8.455776335842145e-05

1.000000000000000e-02,0.000000000000000e+00
7

1.380384264602885e+07,4.000000000000000e-03

8.024179613875200e-03,-8.854174729394881e-05

1.000000000000000e-02,0.000000000000000e+00
8

1.445439770745928e+07,4.000000000000000e-03

8.024078087290680e-03,-9.271332757132033e-05

1.000000000000000e-02,0.000000000000000e+00
9

1.513561248436209e+07,4.000000000000000e-03

8.023966768785425e-03,-9.708132118782548e-05

1.000000000000000e-02,0.000000000000000e+00
10

1.584893192461115e+07,4.000000000000000e-03

8.023844714295821e-03,-1.016549570979353e-04

1.000000000000000e-02,0.000000000000000e+00
11

1.659586907437562e+07,4.000000000000000e-03

8.023710888806738e-03,-1.064438950991537e-04

1.000000000000000e-02,0.000000000000000e+00
12

1.737800828749377e+07,4.000000000000000e-03

8.023564157602999e-03,-1.114582455296922e-04

1.000000000000000e-02,0.000000000000000e+00
13

1.819700858609985e+07,4.000000000000000e-03

8.023403276682080e-03,-1.167085898046749e-04

1.000000000000000e-02,0.000000000000000e+00
14

1.905460717963249e+07,4.000000000000000e-03

8.023226882248253e-03,-1.222060018171382e-04

1.000000000000000e-02,0.000000000000000e+00
15

1.995262314968882e+07,4.000000000000000e-03

8.023033479200810e-03,-1.279620702293742e-04

1.000000000000000e-02,0.000000000000000e+00
16

2.089296130854042e+07,4.000000000000000e-03

8.022821428520868e-03,-1.339889216791364e-04

1.000000000000000e-02,0.000000000000000e+00
17

2.187761623949555e+07,4.000000000000000e-03

8.022588933452359e-03,-1.402992449238146e-04

1.000000000000000e-02,0.000000000000000e+00
18

2.290867652767776e+07,4.000000000000000e-03

8.022334024363125e-03,-1.469063159438369e-04

1.000000000000000e-02,0.000000000000000e+00
19

2.398832919019494e+07,4.000000000000000e-03

8.022054542161408e-03,-1.538240240241900e-04

1.000000000000000e-02,0.000000000000000e+00
20

2.511886431509584e+07,4.000000000000000e-03

8.021748120131664e-03,-1.610668988299782e-04

1.000000000000000e-02,0.000000000000000e+00
21

2.630267991895386e+07,4.000000000000000e-03

8.021412164041014e-03,-1.686501384882738e-04

1.000000000000000e-02,0.000000000000000e+00
22

2.754228703338171e+07,4.000000000000000e-03

8.021043830354199e-03,-1.765896386840203e-04

1.000000000000000e-02,0.000000000000000e+00
23

2.884031503126611e+07,4.000000000000000e-03

8.020640002380099e-03,-1.849020227723234e-04

1.000000000000000e-02,0.000000000000000e+00
24

3.019951720402022e+07,4.000000000000000e-03

8.020197264157003e-03,-1.936046729029344e-04

1.000000000000000e-02,0.000000000000000e+00
25

3.162277660168386e+07,4.000000000000000e-03

8.019711871866553e-03,-2.027157621449398e-04

1.000000000000000e-02,0.000000000000000e+00
26

3.311311214825918e+07,4.000000000000000e-03

8.019179722547598e-03,-2.122542875904179e-04

1.000000000000000e-02,0.000000000000000e+00
27

3.467368504525324e+07,4.000000000000000e-03

8.018596319861104e-03,-2.222401044048867e-04

1.000000000000000e-02,0.000000000000000e+00
28

3.630780547701021e+07,4.000000000000000e-03

8.017956736635606e-03,-2.326939607794967e-04

1.000000000000000e-02,0.000000000000000e+00
29

3.801893963205621e+07,4.000000000000000e-03

8.017255573899335e-03,-2.436375337248174e-04

1.000000000000000e-02,0.000000000000000e+00
30

3.981071705534982e+07,4.000000000000000e-03

8.016486916080208e-03,-2.550934656284196e-04

1.000000000000000e-02,0.000000000000000e+00
31

4.168693834703364e+07,4.000000000000000e-03

8.015644282028106e-03,-2.670854014778682e-04

1.000000000000000e-02,0.000000000000000e+00
32

4.365158322401670e+07,4.000000000000000e-03

8.014720571485381e-03,-2.796380266268076e-04

1.000000000000000e-02,0.000000000000000e+00
33

4.570881896148762e+07,4.000000000000000e-03

8.013708006601179e-03,-2.927771049540639e-04

1.000000000000000e-02,0.000000000000000e+00
34

4.786300923226396e+07,4.000000000000000e-03

8.012598068053134e-03,-3.065295172335459e-04

1.000000000000000e-02,0.000000000000000e+00
35

5.011872336272737e+07,4.000000000000000e-03

8.011381425306094e-03,-3.209232994956227e-04

1.000000000000000e-02,0.000000000000000e+00
36

5.248074602497741e+07,4.000000000000000e-03

8.010047860502207e-03,-3.359876811178689e-04

1.000000000000000e-02,0.000000000000000e+00
37

5.495408738576262e+07,4.000000000000000e-03

8.008586185439658e-03,-3.517531223338587e-04

1.000000000000000e-02,0.000000000000000e+00
38

5.754399373371587e+07,4.000000000000000e-03

8.006984151059290e-03,-3.682513507921831e-04

1.000000000000000e-02,0.000000000000000e+00
39

6.025595860743596e+07,4.000000000000000e-03

8.005228348819230e-03,-3.855153967331036e-04

1.000000000000000e-02,0.000000000000000e+00
40

6.309573444801953e+07,4.000000000000000e-03

8.003304103298189e-03,-4.035796262761806e-04

1.000000000000000e-02,0.000000000000000e+00
41

6.606934480075981e+07,4.000000000000000e-03

8.001195355328630e-03,-4.224797722276586e-04

1.000000000000000e-02,0.000000000000000e+00
42

6.918309709189388e+07,4.000000000000000e-03

7.998884534922535e-03,-4.422529617200320e-04

1.000000000000000e-02,0.000000000000000e+00
43

7.244359600749926e+07,4.000000000000000e-03

7.996352423215796e-03,-4.629377398866849e-04

1.000000000000000e-02,0.000000000000000e+00
44

7.585775750291865e+07,4.000000000000000e-03

7.993578002623597e-03,-4.845740886502231e-04

1.000000000000000e-02,0.000000000000000e+00
45

7.943282347242844e+07,4.000000000000000e-03

7.990538294370086e-03,-5.072034395624717e-04

1.000000000000000e-02,0.000000000000000e+00
46

8.317637711026742e+07,4.000000000000000e-03

7.987208182532931e-03,-5.308686794753310e-04

1.000000000000000e-02,0.000000000000000e+00
47

8.709635899560840e+07,4.000000000000000e-03

7.983560223729371e-03,-5.556141476429125e-04

1.000000000000000e-02,0.000000000000000e+00
48

9.120108393559134e+07,4.000000000000000e-03

7.979564441567839e-03,-5.814856226547241e-04

1.000000000000000e-02,0.000000000000000e+00
49

9.549925860214399e+07,4.000000000000000e-03

7.975188105001516e-03,-6.085302973751565e-04

1.000000000000000e-02,0.000000000000000e+00
50

1.000000000000004e+08,4.000000000000000e-03

7.970395489751311e-03,-6.367967398142917e-04

1.000000000000000e-02,0.000000000000000e+00
51

1.047128548050904e+08,4.000000000000000e-03

7.965147622020564e-03,-6.663348375772354e-04

1.000000000000000e-02,0.000000000000000e+00
52

1.096478196143190e+08,4.000000000000000e-03

7.959402003807832e-03,-6.971957232322289e-04

1.000000000000000e-02,0.000000000000000e+00
53

1.148153621496888e+08,4.000000000000000e-03

7.953112319244438e-03,-7.294316776004046e-04

1.000000000000000e-02,0.000000000000000e+00
54

1.202264434617418e+08,4.000000000000000e-03

7.946228121547487e-03,-7.630960076015063e-04

1.000000000000000e-02,0.000000000000000e+00
55

1.258925411794173e+08,4.000000000000000e-03

7.938694500396342e-03,-7.982428948901299e-04

1.000000000000000e-02,0.000000000000000e+00
56

1.318256738556413e+08,4.000000000000000e-03

7.930451729821446e-03,-8.349272110870768e-04

1.000000000000000e-02,0.000000000000000e+00
57

1.380384264602891e+08,4.000000000000000e-03

7.921434897050758e-03,-8.732042949525231e-04

1.000000000000000e-02,0.000000000000000e+00
58

1.445439770745934e+08,4.000000000000000e-03

7.911573513205180e-03,-9.131296863660255e-04

1.000000000000000e-02,0.000000000000000e+00
59

1.513561248436215e+08,4.000000000000000e-03

7.900791107284642e-03,-9.547588114792524e-04

1.000000000000000e-02,0.000000000000000e+00
60

1.584893192461121e+08,4.000000000000000e-03

7.889004805558765e-03,-9.981466129000023e-04

1.000000000000000e-02,0.000000000000000e+00
61

1.659586907437569e+08,4.000000000000000e-03

7.876124899287896e-03,-1.043347118263413e-03

1.000000000000000e-02,0.000000000000000e+00
62

1.737800828749384e+08,4.000000000000000e-03

7.862054404671880e-03,-1.090412940065564e-03

1.000000000000000e-02,0.000000000000000e+00
63

1.819700858609993e+08,4.000000000000000e-03

7.846688620075516e-03,-1.139394699198636e-03

1.000000000000000e-02,0.000000000000000e+00
64

1.905460717963257e+08,4.000000000000000e-03

7.829914686931455e-03,-1.190340364264564e-03

1.000000000000000e-02,0.000000000000000e+00
65

1.995262314968890e+08,4.000000000000000e-03

7.811611162293507e-03,-1.243294498492396e-03

1.000000000000000e-02,0.000000000000000e+00
66

2.089296130854051e+08,4.000000000000000e-03

7.791647612822718e-03,-1.298297405988942e-03

1.000000000000000e-02,0.000000000000000e+00
67

2.187761623949564e+08,4.000000000000000e-03

7.769884242048895e-03,-1.355384169168198e-03

1.000000000000000e-02,0.000000000000000e+00
68

2.290867652767785e+08,4.000000000000000e-03

7.746171565067978e-03,-1.414583569598940e-03

1.000000000000000e-02,0.000000000000000e+00
69

2.398832919019504e+08,4.000000000000000e-03

7.720350147408033e-03,-1.475916885260121e-03

1.000000000000000e-02,0.000000000000000e+00
70

2.511886431509594e+08,4.000000000000000e-03

7.692250427607418e-03,-1.539396558390674e-03

1.000000000000000e-02,0.000000000000000e+00
71

2.630267991895397e+08,4.000000000000000e-03

7.661692646063568e-03,-1.605024729866268e-03

1.000000000000000e-02,0.000000000000000e+00
72

2.754228703338182e+08,4.000000000000000e-03

7.628486905872157e-03,-1.672791638443097e-03

1.000000000000000e-02,0.000000000000000e+00
73

2.884031503126622e+08,4.000000000000000e-03

7.592433394596774e-03,-1.742673886398176e-03

1.000000000000000e-02,0.000000000000000e+00
74

3.019951720402034e+08,4.000000000000000e-03

7.553322799065284e-03,-1.814632577189989e-03

1.000000000000000e-02,0.000000000000000e+00
75

3.162277660168398e+08,4.000000000000000e-03

7.510936948213839e-03,-1.888611335881827e-03

1.000000000000000e-02,0.000000000000000e+00
76

3.311311214825931e+08,4.000000000000000e-03

7.465049721476817e-03,-1.964534229317671e-03

1.000000000000000e-02,0.000000000000000e+00
77

3.467368504525337e+08,5.000000000000000e-03

7.415428261979476e-03,-2.042303610494489e-03

1.000000000000000e-02,0.000000000000000e+00
78

3.630780547701036e+08,5.000000000000000e-03

7.361834534500295e-03,-2.121797920268358e-03

1.000000000000000e-02,0.000000000000000e+00
79

3.801893963205636e+08,5.000000000000000e-03

7.304027267445393e-03,-2.202869489432096e-03

1.000000000000000e-02,0.000000000000000e+00
80

3.981071705534998e+08,5.000000000000000e-03

7.241764315480632e-03,-2.285342395186566e-03

1.000000000000000e-02,0.000000000000000e+00
81

4.168693834703380e+08,5.000000000000000e-03

7.174805474523717e-03,-2.369010437856768e-03

1.000000000000000e-02,0.000000000000000e+00
82

4.365158322401688e+08,5.000000000000000e-03

7.102915773021704e-03,-2.453635315992576e-03

1.000000000000000e-02,0.000000000000000e+00
83

4.570881896148780e+08,5.000000000000000e-03

7.025869252364426e-03,-2.538945090187472e-03

1.000000000000000e-02,0.000000000000000e+00
84

4.786300923226415e+08,5.000000000000000e-03

6.943453234518494e-03,-2.624633037301341e-03

1.000000000000000e-02,0.000000000000000e+00
85

5.011872336272756e+08,5.000000000000000e-03

6.855473056251595e-03,-2.710357006341532e-03

1.000000000000000e-02,0.000000000000000e+00
86

5.248074602497762e+08,5.000000000000000e-03

6.761757226602716e-03,-2.795739393907077e-03

1.000000000000000e-02,0.000000000000000e+00
87

5.495408738576283e+08,5.000000000000000e-03

6.662162937782754e-03,-2.880367859546600e-03

1.000000000000000e-02,0.000000000000000e+00
88

5.754399373371609e+08,5.000000000000000e-03

6.556581830078751e-03,-2.963796898243551e-03

1.000000000000000e-02,0.000000000000000e+00
89

6.025595860743620e+08,5.000000000000000e-03

6.444945879649680e-03,-3.045550377157171e-03

1.000000000000000e-02,0.000000000000000e+00
90

6.309573444801978e+08,5.000000000000000e-03

6.327233245907028e-03,-3.125125125498109e-03

1.000000000000000e-02,0.000000000000000e+00
91

6.606934480076008e+08,5.000000000000000e-03

6.203473884542134e-03,-3.201995639110499e-03

1.000000000000000e-02,0.000000000000000e+00
92

6.918309709189415e+08,5.000000000000000e-03

6.073754705725386e-03,-3.275619924591176e-03

1.000000000000000e-02,0.000000000000000e+00
93

7.244359600749954e+08,5.000000000000000e-03

5.938224037427592e-03,-3.345446461940545e-03

1.000000000000000e-02,0.000000000000000e+00
94

7.585775750291895e+08,5.000000000000000e-03

5.797095144200253e-03,-3.410922211036609e-03

1.000000000000000e-02,0.000000000000000e+00
95

7.943282347242875e+08,5.000000000000000e-03

5.650648554944881e-03,-3.471501527885974e-03

1.000000000000000e-02,0.000000000000000e+00
96

8.317637711026773e+08,5.000000000000000e-03

5.499232971545828e-03,-3.526655794890277e-03

1.000000000000000e-02,0.000000000000000e+00
97

8.709635899560874e+08,5.000000000000000e-03

5.343264565197472e-03,-3.575883509447562e-03

1.000000000000000e-02,0.000000000000000e+00
98

9.120108393559169e+08,5.000000000000000e-03

5.183224519042315e-03,-3.618720521922683e-03

1.000000000000000e-02,0.000000000000000e+00
99

9.549925860214435e+08,5.000000000000000e-03

5.019654743041286e-03,-3.654750072465941e-03

1.000000000000000e-02,0.000000000000000e+00
100

1.000000000000008e+09,5.000000000000000e-03

4.853151766842013e-03,-3.683612251168266e-03

1.000000000000000e-02,0.000000000000000e+00
