0.0 -2.245666963225455E-20
0.01 2.885103341409011E-5
0.02 5.539704946813047E-5
0.03 7.96888799148755E-5
0.04 1.017799735083558E-4
0.05 1.217278125444267E-4
0.06 1.395960815352298E-4
0.07 1.554578064821573E-4
0.08 1.693995965267508E-4
0.09 1.815267954222025E-4
0.09999999999999999 1.91968648142321E-4
0.11 2.008815652168737E-4
0.12 2.084478225625566E-4
0.13 2.148677091539617E-4
0.14 2.20345830958148E-4
0.15 2.250755568204228E-4
0.16 2.292266732016135E-4
0.17 2.329392332385599E-4
0.18 2.363233641228588E-4
0.19 2.394628539129865E-4
0.2 2.424201978379767E-4
0.21 2.452415700366789E-4
0.2200000000000001 2.47961022699319E-4
0.2300000000000001 2.506037535937751E-4
0.2400000000000001 2.531885354098532E-4
0.2500000000000001 2.55729478315351E-4
0.2600000000000001 2.582372942034408E-4
0.2700000000000001 2.607202006019062E-4
0.2800000000000001 2.631845682433784E-4
0.2900000000000001 2.656353874502669E-4
0.3000000000000001 2.680766064908992E-4
0.3100000000000001 2.705113791440396E-4
0.3200000000000001 2.729422474916963E-4
0.3300000000000001 2.753712781569709E-4
0.3400000000000001 2.77800164800939E-4
0.3500000000000001 2.802303059505564E-4
0.3600000000000002 2.82662864628812E-4
0.3700000000000002 2.850988144408397E-4
0.3800000000000002 2.87538975490935E-4
0.3900000000000002 2.899840425989964E-4
0.4000000000000002 2.924346076372698E-4
0.4100000000000002 2.948911773417607E-4
0.4200000000000002 2.973541876139407E-4
0.4300000000000002 2.998240150803507E-4
0.4400000000000002 3.023009864947073E-4
0.4500000000000002 3.0478538643103E-4
0.4600000000000002 3.072774636143214E-4
0.4700000000000003 3.097774361583888E-4
0.4800000000000003 3.122854959218803E-4
0.4900000000000003 3.148018121488404E-4
0.5000000000000002 3.173265345256137E-4
0.5100000000000002 3.198597957591819E-4
0.5200000000000002 3.224017137611696E-4
0.5300000000000002 3.249523935054101E-4
0.5400000000000003 3.275119286140445E-4
0.5500000000000003 3.300804027169115E-4
0.5600000000000003 3.326578906208054E-4
0.5700000000000003 3.3524445931867E-4
0.5800000000000003 3.378401688635048E-4
0.5900000000000003 3.404450731275296E-4
0.6000000000000003 3.430592204636731E-4
0.6100000000000003 3.456826542836493E-4
0.6200000000000003 3.483154135645593E-4
0.6300000000000003 3.509575332940647E-4
0.6400000000000003 3.536090448626026E-4
0.6500000000000004 3.562699764098171E-4
0.6600000000000004 3.589403531312965E-4
0.6700000000000004 3.616201975508051E-4
0.6800000000000004 3.643095297624353E-4
0.6900000000000004 3.670083676464909E-4
0.7000000000000004 3.697167270623477E-4
0.7100000000000004 3.7243462202111E-4
0.7200000000000004 3.751620648404887E-4
0.7300000000000004 3.778990662840005E-4
0.7400000000000004 3.806456356863127E-4
0.7500000000000004 3.83401781066316E-4
0.7600000000000005 3.861675092293158E-4
0.7700000000000005 3.889428258595412E-4
0.7800000000000005 3.917277356040369E-4
0.7900000000000005 3.945222421488608E-4
0.8000000000000005 3.973263482884109E-4
0.8100000000000005 4.001400559885916E-4
0.8200000000000005 4.02963366444459E-4
0.8300000000000005 4.057962801329106E-4
0.8400000000000005 4.086387968609053E-4
0.8500000000000005 4.114909158096658E-4
0.8600000000000005 4.143526355752488E-4
0.8700000000000006 4.172239542058362E-4
0.8800000000000006 4.201048692360549E-4
0.8900000000000006 4.229953777186048E-4
0.9000000000000006 4.25895476253446E-4
0.9100000000000006 4.28805161014763E-4
0.9200000000000006 4.317244277759115E-4
0.9300000000000006 4.346532719325205E-4
0.9400000000000006 4.375916885239214E-4
0.9500000000000006 4.405396722530342E-4
0.9600000000000006 4.434972175048611E-4
0.9700000000000006 4.464643183636871E-4
0.9800000000000006 4.494409686291107E-4
0.9900000000000007 4.524271618309899E-4
1.000000000000001 4.554228912433998E-4
1.010000000000001 4.58428149897675E-4
1.020000000000001 4.614429305946155E-4
1.030000000000001 4.644672259159136E-4
1.040000000000001 4.675010282348769E-4
1.050000000000001 4.705443297264807E-4
1.060000000000001 4.735971223768205E-4
1.070000000000001 4.766593979919966E-4
1.080000000000001 4.797311482064787E-4
1.090000000000001 4.828123644909871E-4
1.100000000000001 4.859030381599256E-4
1.110000000000001 4.890031603783947E-4
1.120000000000001 4.921127221688249E-4
1.130000000000001 4.952317144172423E-4
1.140000000000001 4.983601278792037E-4
1.150000000000001 5.014979531854186E-4
1.160000000000001 5.046451808470796E-4
1.170000000000001 5.078018012609224E-4
1.180000000000001 5.109678047140267E-4
1.190000000000001 5.141431813883887E-4
1.200000000000001 5.173279213652642E-4
1.210000000000001 5.205220146293067E-4
1.220000000000001 5.237254510725098E-4
1.230000000000001 5.269382204979691E-4
1.240000000000001 5.301603126234667E-4
1.250000000000001 5.333917170849052E-4
1.260000000000001 5.366324234395777E-4
1.270000000000001 5.398824211693056E-4
1.280000000000001 5.431416996834374E-4
1.290000000000001 5.464102483217179E-4
1.300000000000001 5.4968805635705E-4
1.310000000000001 5.52975112998131E-4
1.320000000000001 5.562714073919896E-4
1.330000000000001 5.595769286264208E-4
1.340000000000001 5.628916657323298E-4
1.350000000000001 5.662156076859795E-4
1.360000000000001 5.695487434111562E-4
1.370000000000001 5.728910617812604E-4
1.380000000000001 5.762425516213096E-4
1.390000000000001 5.796032017098804E-4
1.400000000000001 5.829730007809722E-4
1.410000000000001 5.863519375258142E-4
1.420000000000001 5.89740000594605E-4
1.430000000000001 5.931371785981926E-4
1.440000000000001 5.965434601097028E-4
1.450000000000001 5.99958833666107E-4
1.460000000000001 6.033832877697479E-4
1.470000000000001 6.068168108898091E-4
1.480000000000001 6.102593914637384E-4
1.490000000000001 6.13711017898636E-4
1.500000000000001 6.171716785725843E-4
1.510000000000001 6.206413618359534E-4
1.520000000000001 6.24120056012655E-4
1.530000000000001 6.276077494013707E-4
1.540000000000001 6.311044302767309E-4
1.550000000000001 6.346100868904737E-4
1.560000000000001 6.381247074725605E-4
1.570000000000001 6.41648280232264E-4
1.580000000000001 6.451807933592305E-4
1.590000000000001 6.48722235024501E-4
1.600000000000001 6.52272593381522E-4
1.610000000000001 6.558318565671092E-4
1.620000000000001 6.594000127024029E-4
1.630000000000001 6.629770498937888E-4
1.640000000000001 6.665629562337966E-4
1.650000000000001 6.701577198019791E-4
1.660000000000001 6.737613286657606E-4
1.670000000000001 6.773737708812769E-4
1.680000000000001 6.809950344941786E-4
1.690000000000001 6.84625107540429E-4
1.700000000000001 6.882639780470743E-4
1.710000000000001 6.919116340329936E-4
1.720000000000001 6.955680635096387E-4
1.730000000000001 6.992332544817492E-4
1.740000000000001 7.029071949480539E-4
1.750000000000001 7.065898729019525E-4
1.760000000000001 7.102812763321872E-4
1.770000000000001 7.139813932234935E-4
1.780000000000001 7.176902115572349E-4
