Title:
*inverter
Date:
Fri
Sep
23
17:08:33

2011
Plotname:
DC
transfer
characteristic
Flags:
real
No.
Variables:
3
No.
Points:
181





Variables:

0
v(v-sweep)
voltage

1
i(vdc)
current

2
v(out)
voltage
Values:
0

0.000000000000000e+00

2.245666963225455e-20

0.000000000000000e+00
1

1.000000000000000e-02

-2.885103341409011e-05

1.000000000000000e-02
2

2.000000000000000e-02

-5.539704946813047e-05

2.000000000000000e-02
3

3.000000000000000e-02

-7.968887991487550e-05

3.000000000000000e-02
4

4.000000000000000e-02

-1.017799735083558e-04

4.000000000000000e-02
5

5.000000000000000e-02

-1.217278125444267e-04

5.000000000000000e-02
6

6.000000000000000e-02

-1.395960815352298e-04

6.000000000000000e-02
7

7.000000000000001e-02

-1.554578064821573e-04

7.000000000000001e-02
8

8.000000000000000e-02

-1.693995965267508e-04

8.000000000000000e-02
9

9.000000000000000e-02

-1.815267954222025e-04

9.000000000000000e-02
10

9.999999999999999e-02

-1.919686481423210e-04

9.999999999999999e-02
11

1.100000000000000e-01

-2.008815652168737e-04

1.100000000000000e-01
12

1.200000000000000e-01

-2.084478225625566e-04

1.200000000000000e-01
13

1.300000000000000e-01

-2.148677091539617e-04

1.300000000000000e-01
14

1.400000000000000e-01

-2.203458309581480e-04

1.400000000000000e-01
15

1.500000000000000e-01

-2.250755568204228e-04

1.500000000000000e-01
16

1.600000000000000e-01

-2.292266732016135e-04

1.600000000000000e-01
17

1.700000000000000e-01

-2.329392332385599e-04

1.700000000000000e-01
18

1.800000000000000e-01

-2.363233641228588e-04

1.800000000000000e-01
19

1.900000000000000e-01

-2.394628539129865e-04

1.900000000000000e-01
20

2.000000000000000e-01

-2.424201978379767e-04

2.000000000000000e-01
21

2.100000000000000e-01

-2.452415700366789e-04

2.100000000000000e-01
22

2.200000000000001e-01

-2.479610226993190e-04

2.200000000000001e-01
23

2.300000000000001e-01

-2.506037535937751e-04

2.300000000000001e-01
24

2.400000000000001e-01

-2.531885354098532e-04

2.400000000000001e-01
25

2.500000000000001e-01

-2.557294783153510e-04

2.500000000000001e-01
26

2.600000000000001e-01

-2.582372942034408e-04

2.600000000000001e-01
27

2.700000000000001e-01

-2.607202006019062e-04

2.700000000000001e-01
28

2.800000000000001e-01

-2.631845682433784e-04

2.800000000000001e-01
29

2.900000000000001e-01

-2.656353874502669e-04

2.900000000000001e-01
30

3.000000000000001e-01

-2.680766064908992e-04

3.000000000000001e-01
31

3.100000000000001e-01

-2.705113791440396e-04

3.100000000000001e-01
32

3.200000000000001e-01

-2.729422474916963e-04

3.200000000000001e-01
33

3.300000000000001e-01

-2.753712781569709e-04

3.300000000000001e-01
34

3.400000000000001e-01

-2.778001648009390e-04

3.400000000000001e-01
35

3.500000000000001e-01

-2.802303059505564e-04

3.500000000000001e-01
36

3.600000000000002e-01

-2.826628646288120e-04

3.600000000000002e-01
37

3.700000000000002e-01

-2.850988144408397e-04

3.700000000000002e-01
38

3.800000000000002e-01

-2.875389754909350e-04

3.800000000000002e-01
39

3.900000000000002e-01

-2.899840425989964e-04

3.900000000000002e-01
40

4.000000000000002e-01

-2.924346076372698e-04

4.000000000000002e-01
41

4.100000000000002e-01

-2.948911773417607e-04

4.100000000000002e-01
42

4.200000000000002e-01

-2.973541876139407e-04

4.200000000000002e-01
43

4.300000000000002e-01

-2.998240150803507e-04

4.300000000000002e-01
44

4.400000000000002e-01

-3.023009864947073e-04

4.400000000000002e-01
45

4.500000000000002e-01

-3.047853864310300e-04

4.500000000000002e-01
46

4.600000000000002e-01

-3.072774636143214e-04

4.600000000000002e-01
47

4.700000000000003e-01

-3.097774361583888e-04

4.700000000000003e-01
48

4.800000000000003e-01

-3.122854959218803e-04

4.800000000000003e-01
49

4.900000000000003e-01

-3.148018121488404e-04

4.900000000000003e-01
50

5.000000000000002e-01

-3.173265345256137e-04

5.000000000000002e-01
51

5.100000000000002e-01

-3.198597957591819e-04

5.100000000000002e-01
52

5.200000000000002e-01

-3.224017137611696e-04

5.200000000000002e-01
53

5.300000000000002e-01

-3.249523935054101e-04

5.300000000000002e-01
54

5.400000000000003e-01

-3.275119286140445e-04

5.400000000000003e-01
55

5.500000000000003e-01

-3.300804027169115e-04

5.500000000000003e-01
56

5.600000000000003e-01

-3.326578906208054e-04

5.600000000000003e-01
57

5.700000000000003e-01

-3.352444593186700e-04

5.700000000000003e-01
58

5.800000000000003e-01

-3.378401688635048e-04

5.800000000000003e-01
59

5.900000000000003e-01

-3.404450731275296e-04

5.900000000000003e-01
60

6.000000000000003e-01

-3.430592204636731e-04

6.000000000000003e-01
61

6.100000000000003e-01

-3.456826542836493e-04

6.100000000000003e-01
62

6.200000000000003e-01

-3.483154135645593e-04

6.200000000000003e-01
63

6.300000000000003e-01

-3.509575332940647e-04

6.300000000000003e-01
64

6.400000000000003e-01

-3.536090448626026e-04

6.400000000000003e-01
65

6.500000000000004e-01

-3.562699764098171e-04

6.500000000000004e-01
66

6.600000000000004e-01

-3.589403531312965e-04

6.600000000000004e-01
67

6.700000000000004e-01

-3.616201975508051e-04

6.700000000000004e-01
68

6.800000000000004e-01

-3.643095297624353e-04

6.800000000000004e-01
69

6.900000000000004e-01

-3.670083676464909e-04

6.900000000000004e-01
70

7.000000000000004e-01

-3.697167270623477e-04

7.000000000000004e-01
71

7.100000000000004e-01

-3.724346220211100e-04

7.100000000000004e-01
72

7.200000000000004e-01

-3.751620648404887e-04

7.200000000000004e-01
73

7.300000000000004e-01

-3.778990662840005e-04

7.300000000000004e-01
74

7.400000000000004e-01

-3.806456356863127e-04

7.400000000000004e-01
75

7.500000000000004e-01

-3.834017810663160e-04

7.500000000000004e-01
76

7.600000000000005e-01

-3.861675092293158e-04

7.600000000000005e-01
77

7.700000000000005e-01

-3.889428258595412e-04

7.700000000000005e-01
78

7.800000000000005e-01

-3.917277356040369e-04

7.800000000000005e-01
79

7.900000000000005e-01

-3.945222421488608e-04

7.900000000000005e-01
80

8.000000000000005e-01

-3.973263482884109e-04

8.000000000000005e-01
81

8.100000000000005e-01

-4.001400559885916e-04

8.100000000000005e-01
82

8.200000000000005e-01

-4.029633664444590e-04

8.200000000000005e-01
83

8.300000000000005e-01

-4.057962801329106e-04

8.300000000000005e-01
84

8.400000000000005e-01

-4.086387968609053e-04

8.400000000000005e-01
85

8.500000000000005e-01

-4.114909158096658e-04

8.500000000000005e-01
86

8.600000000000005e-01

-4.143526355752488e-04

8.600000000000005e-01
87

8.700000000000006e-01

-4.172239542058362e-04

8.700000000000006e-01
88

8.800000000000006e-01

-4.201048692360549e-04

8.800000000000006e-01
89

8.900000000000006e-01

-4.229953777186048e-04

8.900000000000006e-01
90

9.000000000000006e-01

-4.258954762534460e-04

9.000000000000006e-01
91

9.100000000000006e-01

-4.288051610147630e-04

9.100000000000006e-01
92

9.200000000000006e-01

-4.317244277759115e-04

9.200000000000006e-01
93

9.300000000000006e-01

-4.346532719325205e-04

9.300000000000006e-01
94

9.400000000000006e-01

-4.375916885239214e-04

9.400000000000006e-01
95

9.500000000000006e-01

-4.405396722530342e-04

9.500000000000006e-01
96

9.600000000000006e-01

-4.434972175048611e-04

9.600000000000006e-01
97

9.700000000000006e-01

-4.464643183636871e-04

9.700000000000006e-01
98

9.800000000000006e-01

-4.494409686291107e-04

9.800000000000006e-01
99

9.900000000000007e-01

-4.524271618309899e-04

9.900000000000007e-01
100

1.000000000000001e+00

-4.554228912433998e-04

1.000000000000001e+00
101

1.010000000000001e+00

-4.584281498976750e-04

1.010000000000001e+00
102

1.020000000000001e+00

-4.614429305946155e-04

1.020000000000001e+00
103

1.030000000000001e+00

-4.644672259159136e-04

1.030000000000001e+00
104

1.040000000000001e+00

-4.675010282348769e-04

1.040000000000001e+00
105

1.050000000000001e+00

-4.705443297264807e-04

1.050000000000001e+00
106

1.060000000000001e+00

-4.735971223768205e-04

1.060000000000001e+00
107

1.070000000000001e+00

-4.766593979919966e-04

1.070000000000001e+00
108

1.080000000000001e+00

-4.797311482064787e-04

1.080000000000001e+00
109

1.090000000000001e+00

-4.828123644909871e-04

1.090000000000001e+00
110

1.100000000000001e+00

-4.859030381599256e-04

1.100000000000001e+00
111

1.110000000000001e+00

-4.890031603783947e-04

1.110000000000001e+00
112

1.120000000000001e+00

-4.921127221688249e-04

1.120000000000001e+00
113

1.130000000000001e+00

-4.952317144172423e-04

1.130000000000001e+00
114

1.140000000000001e+00

-4.983601278792037e-04

1.140000000000001e+00
115

1.150000000000001e+00

-5.014979531854186e-04

1.150000000000001e+00
116

1.160000000000001e+00

-5.046451808470796e-04

1.160000000000001e+00
117

1.170000000000001e+00

-5.078018012609224e-04

1.170000000000001e+00
118

1.180000000000001e+00

-5.109678047140267e-04

1.180000000000001e+00
119

1.190000000000001e+00

-5.141431813883887e-04

1.190000000000001e+00
120

1.200000000000001e+00

-5.173279213652642e-04

1.200000000000001e+00
121

1.210000000000001e+00

-5.205220146293067e-04

1.210000000000001e+00
122

1.220000000000001e+00

-5.237254510725098e-04

1.220000000000001e+00
123

1.230000000000001e+00

-5.269382204979691e-04

1.230000000000001e+00
124

1.240000000000001e+00

-5.301603126234667e-04

1.240000000000001e+00
125

1.250000000000001e+00

-5.333917170849052e-04

1.250000000000001e+00
126

1.260000000000001e+00

-5.366324234395777e-04

1.260000000000001e+00
127

1.270000000000001e+00

-5.398824211693056e-04

1.270000000000001e+00
128

1.280000000000001e+00

-5.431416996834374e-04

1.280000000000001e+00
129

1.290000000000001e+00

-5.464102483217179e-04

1.290000000000001e+00
130

1.300000000000001e+00

-5.496880563570500e-04

1.300000000000001e+00
131

1.310000000000001e+00

-5.529751129981310e-04

1.310000000000001e+00
132

1.320000000000001e+00

-5.562714073919896e-04

1.320000000000001e+00
133

1.330000000000001e+00

-5.595769286264208e-04

1.330000000000001e+00
134

1.340000000000001e+00

-5.628916657323298e-04

1.340000000000001e+00
135

1.350000000000001e+00

-5.662156076859795e-04

1.350000000000001e+00
136

1.360000000000001e+00

-5.695487434111562e-04

1.360000000000001e+00
137

1.370000000000001e+00

-5.728910617812604e-04

1.370000000000001e+00
138

1.380000000000001e+00

-5.762425516213096e-04

1.380000000000001e+00
139

1.390000000000001e+00

-5.796032017098804e-04

1.390000000000001e+00
140

1.400000000000001e+00

-5.829730007809722e-04

1.400000000000001e+00
141

1.410000000000001e+00

-5.863519375258142e-04

1.410000000000001e+00
142

1.420000000000001e+00

-5.897400005946050e-04

1.420000000000001e+00
143

1.430000000000001e+00

-5.931371785981926e-04

1.430000000000001e+00
144

1.440000000000001e+00

-5.965434601097028e-04

1.440000000000001e+00
145

1.450000000000001e+00

-5.999588336661070e-04

1.450000000000001e+00
146

1.460000000000001e+00

-6.033832877697479e-04

1.460000000000001e+00
147

1.470000000000001e+00

-6.068168108898091e-04

1.470000000000001e+00
148

1.480000000000001e+00

-6.102593914637384e-04

1.480000000000001e+00
149

1.490000000000001e+00

-6.137110178986360e-04

1.490000000000001e+00
150

1.500000000000001e+00

-6.171716785725843e-04

1.500000000000001e+00
151

1.510000000000001e+00

-6.206413618359534e-04

1.510000000000001e+00
152

1.520000000000001e+00

-6.241200560126551e-04

1.520000000000001e+00
153

1.530000000000001e+00

-6.276077494013707e-04

1.530000000000001e+00
154

1.540000000000001e+00

-6.311044302767309e-04

1.540000000000001e+00
155

1.550000000000001e+00

-6.346100868904737e-04

1.550000000000001e+00
156

1.560000000000001e+00

-6.381247074725605e-04

1.560000000000001e+00
157

1.570000000000001e+00

-6.416482802322640e-04

1.570000000000001e+00
158

1.580000000000001e+00

-6.451807933592305e-04

1.580000000000001e+00
159

1.590000000000001e+00

-6.487222350245010e-04

1.590000000000001e+00
160

1.600000000000001e+00

-6.522725933815221e-04

1.600000000000001e+00
161

1.610000000000001e+00

-6.558318565671092e-04

1.610000000000001e+00
162

1.620000000000001e+00

-6.594000127024029e-04

1.620000000000001e+00
163

1.630000000000001e+00

-6.629770498937888e-04

1.630000000000001e+00
164

1.640000000000001e+00

-6.665629562337966e-04

1.640000000000001e+00
165

1.650000000000001e+00

-6.701577198019791e-04

1.650000000000001e+00
166

1.660000000000001e+00

-6.737613286657606e-04

1.660000000000001e+00
167

1.670000000000001e+00

-6.773737708812769e-04

1.670000000000001e+00
168

1.680000000000001e+00

-6.809950344941786e-04

1.680000000000001e+00
169

1.690000000000001e+00

-6.846251075404290e-04

1.690000000000001e+00
170

1.700000000000001e+00

-6.882639780470743e-04

1.700000000000001e+00
171

1.710000000000001e+00

-6.919116340329936e-04

1.710000000000001e+00
172

1.720000000000001e+00

-6.955680635096387e-04

1.720000000000001e+00
173

1.730000000000001e+00

-6.992332544817492e-04

1.730000000000001e+00
174

1.740000000000001e+00

-7.029071949480539e-04

1.740000000000001e+00
175

1.750000000000001e+00

-7.065898729019525e-04

1.750000000000001e+00
176

1.760000000000001e+00

-7.102812763321872e-04

1.760000000000001e+00
177

1.770000000000001e+00

-7.139813932234935e-04

1.770000000000001e+00
178

1.780000000000001e+00

-7.176902115572349e-04

1.780000000000001e+00
179

1.790000000000001e+00

-7.214077193120318e-04

1.790000000000001e+00
180

1.800000000000001e+00

-7.251339044643631e-04

1.800000000000001e+00
