0.0 1.099958972330046
0.01 1.099944157143596
0.02 1.099924022657129
0.03 1.099896676817777
0.04 1.099859564850068
0.05 1.099809243067254
0.06 1.099741078920495
0.07 1.09964885522002
0.08 1.099524251018514
0.09 1.099356165552021
0.09999999999999999 1.099129845274322
0.11 1.098825768164667
0.12 1.098418235469809
0.13 1.097873620976861
0.14 1.097148234912199
0.15 1.096185777829453
0.16 1.094914394528762
0.17 1.093243394536022
0.18 1.091059788105094
0.19 1.088224895387691
0.2 1.084571414222
0.21 1.079901460566366
0.2200000000000001 1.073986193137213
0.2300000000000001 1.066567657146464
0.2400000000000001 1.057363385785474
0.2500000000000001 1.046074051201626
0.2600000000000001 1.032394062374007
0.2700000000000001 1.016024517512025
0.2800000000000001 0.996687432864985
0.2900000000000001 0.9741398126050264
0.3000000000000001 0.9481860060435282
0.3100000000000001 0.9186869737490122
0.3200000000000001 0.8855655272936531
0.3300000000000001 0.8488072154609809
0.3400000000000001 0.8084571565242316
0.3500000000000001 0.7646136224615967
0.3600000000000002 0.7174194800796733
0.3700000000000002 0.6670526741745398
0.3800000000000002 0.6137168581671437
0.3900000000000002 0.5576331546251406
0.4000000000000002 0.499034052226899
0.4100000000000002 0.4381610286893714
0.4200000000000002 0.3752699370103939
0.4300000000000002 0.3106580026683906
0.4400000000000002 0.2447733079054958
0.4500000000000002 0.1787699644838646
0.4600000000000002 0.1180266792905852
0.4700000000000003 0.07926667139507343
0.4800000000000003 0.06039136487733618
0.4900000000000003 0.0494643338177022
0.5000000000000002 0.04208392009597048
0.5100000000000002 0.03663515980596833
0.5200000000000002 0.03246381887879408
0.5300000000000002 0.02913102783945426
0.5400000000000003 0.0264075738549863
0.5500000000000003 0.02414392221381156
0.5600000000000003 0.02223602562585724
0.5700000000000003 0.02060922294302903
0.5800000000000003 0.01920833336958647
0.5900000000000003 0.01799157861205185
0.6000000000000003 0.01692670106837709
0.6100000000000003 0.01598838526339181
0.6200000000000003 0.01515648866221126
0.6300000000000003 0.01441479426454816
0.6400000000000003 0.0137501105175863
0.6500000000000004 0.01315160889593
0.6600000000000004 0.01261032804884836
0.6700000000000004 0.01211879713205039
0.6800000000000004 0.01167074597624669
0.6900000000000004 0.01126087953436162
0.7000000000000004 0.01088470057759629
0.7100000000000004 0.0105383690581132
0.7200000000000004 0.01021858964470434
0.7300000000000004 0.00992252111983453
0.7400000000000004 0.009647702892009844
0.7500000000000004 0.009391995016404586
0.7600000000000005 0.009153528955784754
0.7700000000000005 0.008930666939006085
0.7800000000000005 0.008721968245074957
0.7900000000000005 0.008526161098474545
0.8000000000000005 0.008342119135642841
0.8100000000000005 0.00816884161431105
0.8200000000000005 0.008005436702243095
0.8300000000000005 0.0078511073110484
0.8400000000000005 0.007705139042534806
0.8500000000000005 0.007566889895781327
0.8600000000000005 0.007435781447456415
0.8700000000000006 0.00731129126946821
0.8800000000000006 0.00719294638954912
0.8900000000000006 0.007080317633957965
0.9000000000000006 0.006973014718762187
0.9100000000000006 0.006870681978415523
0.9200000000000006 0.006772994638569986
0.9300000000000006 0.006679655555040695
0.9400000000000006 0.006590392353201002
0.9500000000000006 0.006504954912314949
0.9600000000000006 0.006423113147812744
0.9700000000000006 0.00634465505159561
0.9800000000000006 0.00626938495637424
0.9900000000000007 0.006197121995008332
1.000000000000001 0.006127698729986029
1.010000000000001 0.006060959931699616
1.020000000000001 0.005996761487148895
1.030000000000001 0.005934969423224316
1.040000000000001 0.005875459030864534
1.050000000000001 0.005818114078209967
1.060000000000001 0.005762826102431549
1.070000000000001 0.005709493771250932
1.080000000000001 0.005658022306312164
1.090000000000001 0.005608322961551748
1.100000000000001 0.005560312550561952
1.110000000000001 0.005513913017677202
1.120000000000001 0.005469051048147244
1.130000000000001 0.005425657713312321
1.140000000000001 0.005383668147174046
1.150000000000001 0.005343021251173198
1.160000000000001 0.005303659424348043
1.170000000000001 0.005265528316366704
1.180000000000001 0.005228576601203567
1.190000000000001 0.005192755769475745
1.200000000000001 0.005158019937669264
1.210000000000001 0.005124325672673834
1.220000000000001 0.005091631830212085
1.230000000000001 0.005059899405896154
1.240000000000001 0.005029091397774739
1.250000000000001 0.004999172679349057
1.260000000000001 0.004970109882138908
1.270000000000001 0.004941871286970739
1.280000000000001 0.004914426723240689
1.290000000000001 0.004887747475478117
1.300000000000001 0.004861806196598974
1.310000000000001 0.004836576827296755
1.320000000000001 0.00481203452106976
1.330000000000001 0.004788155574429753
1.340000000000001 0.00476491736187908
1.350000000000001 0.004742298275279493
1.360000000000001 0.004720277667271125
1.370000000000001 0.004698835798428015
1.380000000000001 0.004677953787866428
1.390000000000001 0.004657613567044833
1.400000000000001 0.004637797836516914
1.410000000000001 0.004618490025420479
1.420000000000001 0.004599674253501538
1.430000000000001 0.004581335295490814
1.440000000000001 0.0045634585476637
1.450000000000001 0.004546029996429489
1.460000000000001 0.004529036188807547
1.470000000000001 0.004512464204659021
1.480000000000001 0.004496301630553783
1.490000000000001 0.004480536535161193
1.500000000000001 0.004465157446061884
1.510000000000001 0.0044501533278859
1.520000000000001 0.004435513561688919
1.530000000000001 0.004421227925486575
1.540000000000001 0.004407286575870408
1.550000000000001 0.004393680030636716
1.560000000000001 0.004380399152363505
1.570000000000001 0.004367435132875928
1.580000000000001 0.004354779478544302
1.590000000000001 0.004342423996363061
1.600000000000001 0.004330360780763122
1.610000000000001 0.004318582201112389
1.620000000000001 0.004307080889863271
1.630000000000001 0.004295849731308159
1.640000000000001 0.004284881850907011
1.650000000000001 0.004274170605153141
1.660000000000001 0.00426370957194619
1.670000000000001 0.004253492541442224
1.680000000000001 0.004243513507354336
1.690000000000001 0.004233766658677755
1.700000000000001 0.004224246371815058
1.710000000000001 0.00421494720307997
1.720000000000001 0.004205863881558003
1.730000000000001 0.004196991302304333
1.740000000000001 0.004188324519861053
1.750000000000001 0.004179858742075343
1.760000000000001 0.004171589324203744
1.770000000000001 0.004163511763285918
1.780000000000001 0.004155621692774643
