Title:
*inverter
Date:
Thu
Jul
14
01:43:24

2011
Plotname:
DC
transfer
characteristic
Flags:
real
No.
Variables:
3
No.
Points:
181





Variables:

0
v(v-sweep)
voltage

1
v(out)
voltage

2
v(in)
voltage
Values:
0

0.000000000000000e+00

1.099958972330046e+00

0.000000000000000e+00
1

1.000000000000000e-02

1.099944157143596e+00

1.000000000000000e-02
2

2.000000000000000e-02

1.099924022657129e+00

2.000000000000000e-02
3

3.000000000000000e-02

1.099896676817777e+00

3.000000000000000e-02
4

4.000000000000000e-02

1.099859564850068e+00

4.000000000000000e-02
5

5.000000000000000e-02

1.099809243067254e+00

5.000000000000000e-02
6

6.000000000000000e-02

1.099741078920495e+00

6.000000000000000e-02
7

7.000000000000001e-02

1.099648855220020e+00

7.000000000000001e-02
8

8.000000000000000e-02

1.099524251018514e+00

8.000000000000000e-02
9

9.000000000000000e-02

1.099356165552021e+00

9.000000000000000e-02
10

9.999999999999999e-02

1.099129845274322e+00

9.999999999999999e-02
11

1.100000000000000e-01

1.098825768164667e+00

1.100000000000000e-01
12

1.200000000000000e-01

1.098418235469809e+00

1.200000000000000e-01
13

1.300000000000000e-01

1.097873620976861e+00

1.300000000000000e-01
14

1.400000000000000e-01

1.097148234912199e+00

1.400000000000000e-01
15

1.500000000000000e-01

1.096185777829453e+00

1.500000000000000e-01
16

1.600000000000000e-01

1.094914394528762e+00

1.600000000000000e-01
17

1.700000000000000e-01

1.093243394536022e+00

1.700000000000000e-01
18

1.800000000000000e-01

1.091059788105094e+00

1.800000000000000e-01
19

1.900000000000000e-01

1.088224895387691e+00

1.900000000000000e-01
20

2.000000000000000e-01

1.084571414222000e+00

2.000000000000000e-01
21

2.100000000000000e-01

1.079901460566366e+00

2.100000000000000e-01
22

2.200000000000001e-01

1.073986193137213e+00

2.200000000000001e-01
23

2.300000000000001e-01

1.066567657146464e+00

2.300000000000001e-01
24

2.400000000000001e-01

1.057363385785474e+00

2.400000000000001e-01
25

2.500000000000001e-01

1.046074051201626e+00

2.500000000000001e-01
26

2.600000000000001e-01

1.032394062374007e+00

2.600000000000001e-01
27

2.700000000000001e-01

1.016024517512025e+00

2.700000000000001e-01
28

2.800000000000001e-01

9.966874328649850e-01

2.800000000000001e-01
29

2.900000000000001e-01

9.741398126050264e-01

2.900000000000001e-01
30

3.000000000000001e-01

9.481860060435282e-01

3.000000000000001e-01
31

3.100000000000001e-01

9.186869737490122e-01

3.100000000000001e-01
32

3.200000000000001e-01

8.855655272936531e-01

3.200000000000001e-01
33

3.300000000000001e-01

8.488072154609809e-01

3.300000000000001e-01
34

3.400000000000001e-01

8.084571565242316e-01

3.400000000000001e-01
35

3.500000000000001e-01

7.646136224615967e-01

3.500000000000001e-01
36

3.600000000000002e-01

7.174194800796733e-01

3.600000000000002e-01
37

3.700000000000002e-01

6.670526741745398e-01

3.700000000000002e-01
38

3.800000000000002e-01

6.137168581671437e-01

3.800000000000002e-01
39

3.900000000000002e-01

5.576331546251406e-01

3.900000000000002e-01
40

4.000000000000002e-01

4.990340522268990e-01

4.000000000000002e-01
41

4.100000000000002e-01

4.381610286893714e-01

4.100000000000002e-01
42

4.200000000000002e-01

3.752699370103939e-01

4.200000000000002e-01
43

4.300000000000002e-01

3.106580026683906e-01

4.300000000000002e-01
44

4.400000000000002e-01

2.447733079054958e-01

4.400000000000002e-01
45

4.500000000000002e-01

1.787699644838646e-01

4.500000000000002e-01
46

4.600000000000002e-01

1.180266792905852e-01

4.600000000000002e-01
47

4.700000000000003e-01

7.926667139507343e-02

4.700000000000003e-01
48

4.800000000000003e-01

6.039136487733618e-02

4.800000000000003e-01
49

4.900000000000003e-01

4.946433381770220e-02

4.900000000000003e-01
50

5.000000000000002e-01

4.208392009597048e-02

5.000000000000002e-01
51

5.100000000000002e-01

3.663515980596833e-02

5.100000000000002e-01
52

5.200000000000002e-01

3.246381887879408e-02

5.200000000000002e-01
53

5.300000000000002e-01

2.913102783945426e-02

5.300000000000002e-01
54

5.400000000000003e-01

2.640757385498630e-02

5.400000000000003e-01
55

5.500000000000003e-01

2.414392221381156e-02

5.500000000000003e-01
56

5.600000000000003e-01

2.223602562585724e-02

5.600000000000003e-01
57

5.700000000000003e-01

2.060922294302903e-02

5.700000000000003e-01
58

5.800000000000003e-01

1.920833336958647e-02

5.800000000000003e-01
59

5.900000000000003e-01

1.799157861205185e-02

5.900000000000003e-01
60

6.000000000000003e-01

1.692670106837709e-02

6.000000000000003e-01
61

6.100000000000003e-01

1.598838526339181e-02

6.100000000000003e-01
62

6.200000000000003e-01

1.515648866221126e-02

6.200000000000003e-01
63

6.300000000000003e-01

1.441479426454816e-02

6.300000000000003e-01
64

6.400000000000003e-01

1.375011051758630e-02

6.400000000000003e-01
65

6.500000000000004e-01

1.315160889593000e-02

6.500000000000004e-01
66

6.600000000000004e-01

1.261032804884836e-02

6.600000000000004e-01
67

6.700000000000004e-01

1.211879713205039e-02

6.700000000000004e-01
68

6.800000000000004e-01

1.167074597624669e-02

6.800000000000004e-01
69

6.900000000000004e-01

1.126087953436162e-02

6.900000000000004e-01
70

7.000000000000004e-01

1.088470057759629e-02

7.000000000000004e-01
71

7.100000000000004e-01

1.053836905811320e-02

7.100000000000004e-01
72

7.200000000000004e-01

1.021858964470434e-02

7.200000000000004e-01
73

7.300000000000004e-01

9.922521119834530e-03

7.300000000000004e-01
74

7.400000000000004e-01

9.647702892009844e-03

7.400000000000004e-01
75

7.500000000000004e-01

9.391995016404586e-03

7.500000000000004e-01
76

7.600000000000005e-01

9.153528955784754e-03

7.600000000000005e-01
77

7.700000000000005e-01

8.930666939006085e-03

7.700000000000005e-01
78

7.800000000000005e-01

8.721968245074957e-03

7.800000000000005e-01
79

7.900000000000005e-01

8.526161098474545e-03

7.900000000000005e-01
80

8.000000000000005e-01

8.342119135642841e-03

8.000000000000005e-01
81

8.100000000000005e-01

8.168841614311050e-03

8.100000000000005e-01
82

8.200000000000005e-01

8.005436702243095e-03

8.200000000000005e-01
83

8.300000000000005e-01

7.851107311048400e-03

8.300000000000005e-01
84

8.400000000000005e-01

7.705139042534806e-03

8.400000000000005e-01
85

8.500000000000005e-01

7.566889895781327e-03

8.500000000000005e-01
86

8.600000000000005e-01

7.435781447456415e-03

8.600000000000005e-01
87

8.700000000000006e-01

7.311291269468210e-03

8.700000000000006e-01
88

8.800000000000006e-01

7.192946389549120e-03

8.800000000000006e-01
89

8.900000000000006e-01

7.080317633957965e-03

8.900000000000006e-01
90

9.000000000000006e-01

6.973014718762187e-03

9.000000000000006e-01
91

9.100000000000006e-01

6.870681978415523e-03

9.100000000000006e-01
92

9.200000000000006e-01

6.772994638569986e-03

9.200000000000006e-01
93

9.300000000000006e-01

6.679655555040695e-03

9.300000000000006e-01
94

9.400000000000006e-01

6.590392353201002e-03

9.400000000000006e-01
95

9.500000000000006e-01

6.504954912314949e-03

9.500000000000006e-01
96

9.600000000000006e-01

6.423113147812744e-03

9.600000000000006e-01
97

9.700000000000006e-01

6.344655051595610e-03

9.700000000000006e-01
98

9.800000000000006e-01

6.269384956374240e-03

9.800000000000006e-01
99

9.900000000000007e-01

6.197121995008332e-03

9.900000000000007e-01
100

1.000000000000001e+00

6.127698729986029e-03

1.000000000000001e+00
101

1.010000000000001e+00

6.060959931699616e-03

1.010000000000001e+00
102

1.020000000000001e+00

5.996761487148895e-03

1.020000000000001e+00
103

1.030000000000001e+00

5.934969423224316e-03

1.030000000000001e+00
104

1.040000000000001e+00

5.875459030864534e-03

1.040000000000001e+00
105

1.050000000000001e+00

5.818114078209967e-03

1.050000000000001e+00
106

1.060000000000001e+00

5.762826102431549e-03

1.060000000000001e+00
107

1.070000000000001e+00

5.709493771250932e-03

1.070000000000001e+00
108

1.080000000000001e+00

5.658022306312164e-03

1.080000000000001e+00
109

1.090000000000001e+00

5.608322961551748e-03

1.090000000000001e+00
110

1.100000000000001e+00

5.560312550561952e-03

1.100000000000001e+00
111

1.110000000000001e+00

5.513913017677202e-03

1.110000000000001e+00
112

1.120000000000001e+00

5.469051048147244e-03

1.120000000000001e+00
113

1.130000000000001e+00

5.425657713312321e-03

1.130000000000001e+00
114

1.140000000000001e+00

5.383668147174046e-03

1.140000000000001e+00
115

1.150000000000001e+00

5.343021251173198e-03

1.150000000000001e+00
116

1.160000000000001e+00

5.303659424348043e-03

1.160000000000001e+00
117

1.170000000000001e+00

5.265528316366704e-03

1.170000000000001e+00
118

1.180000000000001e+00

5.228576601203567e-03

1.180000000000001e+00
119

1.190000000000001e+00

5.192755769475745e-03

1.190000000000001e+00
120

1.200000000000001e+00

5.158019937669264e-03

1.200000000000001e+00
121

1.210000000000001e+00

5.124325672673834e-03

1.210000000000001e+00
122

1.220000000000001e+00

5.091631830212085e-03

1.220000000000001e+00
123

1.230000000000001e+00

5.059899405896154e-03

1.230000000000001e+00
124

1.240000000000001e+00

5.029091397774739e-03

1.240000000000001e+00
125

1.250000000000001e+00

4.999172679349057e-03

1.250000000000001e+00
126

1.260000000000001e+00

4.970109882138908e-03

1.260000000000001e+00
127

1.270000000000001e+00

4.941871286970739e-03

1.270000000000001e+00
128

1.280000000000001e+00

4.914426723240689e-03

1.280000000000001e+00
129

1.290000000000001e+00

4.887747475478117e-03

1.290000000000001e+00
130

1.300000000000001e+00

4.861806196598974e-03

1.300000000000001e+00
131

1.310000000000001e+00

4.836576827296755e-03

1.310000000000001e+00
132

1.320000000000001e+00

4.812034521069760e-03

1.320000000000001e+00
133

1.330000000000001e+00

4.788155574429753e-03

1.330000000000001e+00
134

1.340000000000001e+00

4.764917361879080e-03

1.340000000000001e+00
135

1.350000000000001e+00

4.742298275279493e-03

1.350000000000001e+00
136

1.360000000000001e+00

4.720277667271125e-03

1.360000000000001e+00
137

1.370000000000001e+00

4.698835798428015e-03

1.370000000000001e+00
138

1.380000000000001e+00

4.677953787866428e-03

1.380000000000001e+00
139

1.390000000000001e+00

4.657613567044833e-03

1.390000000000001e+00
140

1.400000000000001e+00

4.637797836516914e-03

1.400000000000001e+00
141

1.410000000000001e+00

4.618490025420479e-03

1.410000000000001e+00
142

1.420000000000001e+00

4.599674253501538e-03

1.420000000000001e+00
143

1.430000000000001e+00

4.581335295490814e-03

1.430000000000001e+00
144

1.440000000000001e+00

4.563458547663700e-03

1.440000000000001e+00
145

1.450000000000001e+00

4.546029996429489e-03

1.450000000000001e+00
146

1.460000000000001e+00

4.529036188807547e-03

1.460000000000001e+00
147

1.470000000000001e+00

4.512464204659021e-03

1.470000000000001e+00
148

1.480000000000001e+00

4.496301630553783e-03

1.480000000000001e+00
149

1.490000000000001e+00

4.480536535161193e-03

1.490000000000001e+00
150

1.500000000000001e+00

4.465157446061884e-03

1.500000000000001e+00
151

1.510000000000001e+00

4.450153327885900e-03

1.510000000000001e+00
152

1.520000000000001e+00

4.435513561688919e-03

1.520000000000001e+00
153

1.530000000000001e+00

4.421227925486575e-03

1.530000000000001e+00
154

1.540000000000001e+00

4.407286575870408e-03

1.540000000000001e+00
155

1.550000000000001e+00

4.393680030636716e-03

1.550000000000001e+00
156

1.560000000000001e+00

4.380399152363505e-03

1.560000000000001e+00
157

1.570000000000001e+00

4.367435132875928e-03

1.570000000000001e+00
158

1.580000000000001e+00

4.354779478544302e-03

1.580000000000001e+00
159

1.590000000000001e+00

4.342423996363061e-03

1.590000000000001e+00
160

1.600000000000001e+00

4.330360780763122e-03

1.600000000000001e+00
161

1.610000000000001e+00

4.318582201112389e-03

1.610000000000001e+00
162

1.620000000000001e+00

4.307080889863271e-03

1.620000000000001e+00
163

1.630000000000001e+00

4.295849731308159e-03

1.630000000000001e+00
164

1.640000000000001e+00

4.284881850907011e-03

1.640000000000001e+00
165

1.650000000000001e+00

4.274170605153141e-03

1.650000000000001e+00
166

1.660000000000001e+00

4.263709571946190e-03

1.660000000000001e+00
167

1.670000000000001e+00

4.253492541442224e-03

1.670000000000001e+00
168

1.680000000000001e+00

4.243513507354336e-03

1.680000000000001e+00
169

1.690000000000001e+00

4.233766658677755e-03

1.690000000000001e+00
170

1.700000000000001e+00

4.224246371815058e-03

1.700000000000001e+00
171

1.710000000000001e+00

4.214947203079970e-03

1.710000000000001e+00
172

1.720000000000001e+00

4.205863881558003e-03

1.720000000000001e+00
173

1.730000000000001e+00

4.196991302304333e-03

1.730000000000001e+00
174

1.740000000000001e+00

4.188324519861053e-03

1.740000000000001e+00
175

1.750000000000001e+00

4.179858742075343e-03

1.750000000000001e+00
176

1.760000000000001e+00

4.171589324203744e-03

1.760000000000001e+00
177

1.770000000000001e+00

4.163511763285918e-03

1.770000000000001e+00
178

1.780000000000001e+00

4.155621692774643e-03

1.780000000000001e+00
179

1.790000000000001e+00

4.147914877407535e-03

1.790000000000001e+00
180

1.800000000000001e+00

4.140387208309230e-03

1.800000000000001e+00
