1.0E7 0.03710926677809327
1.0471285480509E7 0.03710817567814619
1.096478196143185E7 0.03710697938409897
1.148153621496883E7 0.03710566776182293
1.202264434617413E7 0.03710422970245938
1.258925411794168E7 0.03710265302898393
1.318256738556408E7 0.03710092439387811
1.380384264602885E7 0.03709902916707527
1.445439770745928E7 0.03709695131327159
1.513561248436209E7 0.03709467325761207
1.584893192461115E7 0.03709217573867206
1.659586907437562E7 0.03708943764756027
1.737800828749377E7 0.03708643585186516
1.819700858609985E7 0.03708314500305672
1.905460717963249E7 0.03707953732583536
1.995262314968882E7 0.03707558238779287
2.089296130854042E7 0.03707124684761309
2.187761623949555E7 0.03706649417989491
2.290867652767776E7 0.03706128437452543
2.398832919019494E7 0.03705557360836783
2.511886431509584E7 0.03704931388685648
2.630267991895386E7 0.03704245265291203
2.754228703338171E7 0.03703493236040207
2.884031503126611E7 0.03702669000918013
3.019951720402022E7 0.03701765663853924
3.162277660168386E7 0.03700775677571751
3.311311214825918E7 0.03699690783589683
3.467368504525324E7 0.03698501946994404
3.630780547701021E7 0.03697199285596408
3.801893963205621E7 0.03695771993057069
3.981071705534982E7 0.03694208255564279
4.168693834703364E7 0.03692495161623122
4.36515832240167E7 0.03690618604522511
4.570881896148762E7 0.03688563177039284
4.786300923226396E7 0.0368631205794986
5.011872336272737E7 0.03683846889938146
5.248074602497741E7 0.03681147648519682
5.495408738576262E7 0.03678192501648815
5.754399373371587E7 0.03674957659741701
6.025595860743596E7 0.0367141721593713
6.309573444801953E7 0.03667542976534421
6.606934480075981E7 0.03663304281698344
6.918309709189388E7 0.03658667816711594
7.244359600749926E7 0.03653597414292693
7.585775750291865E7 0.03648053848789343
7.943282347242844E7 0.03641994623412814
8.317637711026742E7 0.03635373752107438
8.70963589956084E7 0.03628141538160528
9.120108393559134E7 0.03620244352262435
9.549925860214399E7 0.03611624413434252
1.000000000000004E8 0.03602219577061339
1.047128548050904E8 0.03591963135212794
1.09647819614319E8 0.03580783635495974
1.148153621496888E8 0.03568604725893543
1.202264434617418E8 0.0355534503435503
1.258925411794173E8 0.0354091809335535
1.318256738556413E8 0.0352523232116877
1.380384264602891E8 0.03508191073205832
1.445439770745934E8 0.03489692778374266
1.513561248436215E8 0.03469631176985217
1.584893192461121E8 0.03447895678143131
1.659586907437569E8 0.03424371855715288
1.737800828749384E8 0.03398942102731329
1.819700858609993E8 0.03371486464240722
1.905460717963257E8 0.03341883668055695
1.99526231496889E8 0.03310012371203164
2.089296130854051E8 0.03275752637060608
2.187761623949564E8 0.03238987653814342
2.290867652767785E8 0.03199605698828514
2.398832919019504E8 0.03157502345567535
2.511886431509594E8 0.03112582899769042
2.630267991895397E8 0.03064765039629984
2.754228703338182E8 0.03013981621014542
2.884031503126622E8 0.02960183593487642
3.019951720402034E8 0.02903342956924114
3.162277660168398E8 0.02843455672397012
3.311311214825931E8 0.02780544426116511
3.467368504525337E8 0.02714661132697338
3.630780547701036E8 0.0264588905544651
3.801893963205636E8 0.02574344418183344
3.981071705534998E8 0.02500177386706528
4.16869383470338E8 0.0242357230948092
4.365158322401688E8 0.02344747127006954
4.57088189614878E8 0.02263951887566786
4.786300923226415E8 0.02181466342727949
5.011872336272756E8 0.02097596637401436
5.248074602497762E8 0.02012671153887821
5.495408738576283E8 0.01927035614082669
5.75439937337161E8 0.018410475853988
6.02559586074362E8 0.01755070570571334
6.309573444801978E8 0.01669467886328986
6.606934480076008E8 0.01584596548708546
6.918309709189415E8 0.01500801382384879
7.244359600749954E8 0.01418409557823629
7.585775750291895E8 0.01337725734581557
7.943282347242875E8 0.01259027953969926
8.317637711026773E8 0.01182564382607923
8.709635899560874E8 0.01108550963565351
9.120108393559169E8 0.01037169987268119
