Title:
*inverter
Date:
Fri
Sep
23
17:11:07

2011
Plotname:
AC
Analysis
Flags:
complex
No.
Variables:
3
No.
Points:
101





Variables:

0
frequency
frequency
grid=3

1
v(out)
voltage

2
v(in)
voltage
Values:
0

1.000000000000000e+07,9.100000000000000e-02

-3.710926677809327e-02,6.500924414810739e-04

1.000000000000000e-02,0.000000000000000e+00
1

1.047128548050900e+07,9.100000000000000e-02

-3.710817567814619e-02,6.807104719397767e-04

1.000000000000000e-02,0.000000000000000e+00
2

1.096478196143185e+07,9.100000000000000e-02

-3.710697938409897e-02,7.127685414653324e-04

1.000000000000000e-02,0.000000000000000e+00
3

1.148153621496883e+07,9.100000000000000e-02

-3.710566776182293e-02,7.463340811681285e-04

1.000000000000000e-02,0.000000000000000e+00
4

1.202264434617413e+07,9.100000000000000e-02

-3.710422970245938e-02,7.814776356112104e-04

1.000000000000000e-02,0.000000000000000e+00
5

1.258925411794168e+07,9.100000000000000e-02

-3.710265302898393e-02,8.182730000143971e-04

1.000000000000000e-02,0.000000000000000e+00
6

1.318256738556408e+07,9.100000000000000e-02

-3.710092439387811e-02,8.567973625192206e-04

1.000000000000000e-02,0.000000000000000e+00
7

1.380384264602885e+07,9.100000000000000e-02

-3.709902916707527e-02,8.971314515466006e-04

1.000000000000000e-02,0.000000000000000e+00
8

1.445439770745928e+07,9.100000000000000e-02

-3.709695131327159e-02,9.393596882504810e-04

1.000000000000000e-02,0.000000000000000e+00
9

1.513561248436209e+07,9.100000000000000e-02

-3.709467325761207e-02,9.835703440362433e-04

1.000000000000000e-02,0.000000000000000e+00
10

1.584893192461115e+07,9.100000000000000e-02

-3.709217573867206e-02,1.029855703071706e-03

1.000000000000000e-02,0.000000000000000e+00
11

1.659586907437562e+07,9.100000000000000e-02

-3.708943764756027e-02,1.078312229669894e-03

1.000000000000000e-02,0.000000000000000e+00
12

1.737800828749377e+07,9.100000000000000e-02

-3.708643585186516e-02,1.129040740365340e-03

1.000000000000000e-02,0.000000000000000e+00
13

1.819700858609985e+07,9.100000000000000e-02

-3.708314500305672e-02,1.182146580438174e-03

1.000000000000000e-02,0.000000000000000e+00
14

1.905460717963249e+07,9.100000000000000e-02

-3.707953732583536e-02,1.237739804561160e-03

1.000000000000000e-02,0.000000000000000e+00
15

1.995262314968882e+07,9.100000000000000e-02

-3.707558238779287e-02,1.295935361152393e-03

1.000000000000000e-02,0.000000000000000e+00
16

2.089296130854042e+07,9.100000000000000e-02

-3.707124684761309e-02,1.356853279908722e-03

1.000000000000000e-02,0.000000000000000e+00
17

2.187761623949555e+07,9.100000000000000e-02

-3.706649417989491e-02,1.420618861869849e-03

1.000000000000000e-02,0.000000000000000e+00
18

2.290867652767776e+07,9.100000000000000e-02

-3.706128437452543e-02,1.487362871217992e-03

1.000000000000000e-02,0.000000000000000e+00
19

2.398832919019494e+07,9.100000000000000e-02

-3.705557360836783e-02,1.557221727850261e-03

1.000000000000000e-02,0.000000000000000e+00
20

2.511886431509584e+07,9.100000000000000e-02

-3.704931388685648e-02,1.630337699567189e-03

1.000000000000000e-02,0.000000000000000e+00
21

2.630267991895386e+07,9.100000000000000e-02

-3.704245265291203e-02,1.706859092497777e-03

1.000000000000000e-02,0.000000000000000e+00
22

2.754228703338171e+07,9.100000000000000e-02

-3.703493236040207e-02,1.786940438124874e-03

1.000000000000000e-02,0.000000000000000e+00
23

2.884031503126611e+07,9.100000000000000e-02

-3.702669000918013e-02,1.870742674980313e-03

1.000000000000000e-02,0.000000000000000e+00
24

3.019951720402022e+07,9.100000000000000e-02

-3.701765663853924e-02,1.958433322742007e-03

1.000000000000000e-02,0.000000000000000e+00
25

3.162277660168386e+07,9.100000000000000e-02

-3.700775677571751e-02,2.050186646079743e-03

1.000000000000000e-02,0.000000000000000e+00
26

3.311311214825918e+07,9.100000000000000e-02

-3.699690783589683e-02,2.146183805156497e-03

1.000000000000000e-02,0.000000000000000e+00
27

3.467368504525324e+07,9.100000000000000e-02

-3.698501946994404e-02,2.246612989191267e-03

1.000000000000000e-02,0.000000000000000e+00
28

3.630780547701021e+07,9.100000000000000e-02

-3.697199285596408e-02,2.351669528920321e-03

1.000000000000000e-02,0.000000000000000e+00
29

3.801893963205621e+07,9.100000000000000e-02

-3.695771993057069e-02,2.461555983148483e-03

1.000000000000000e-02,0.000000000000000e+00
30

3.981071705534982e+07,9.100000000000000e-02

-3.694208255564279e-02,2.576482193852371e-03

1.000000000000000e-02,0.000000000000000e+00
31

4.168693834703364e+07,9.100000000000000e-02

-3.692495161623122e-02,2.696665303474217e-03

1.000000000000000e-02,0.000000000000000e+00
32

4.365158322401670e+07,9.100000000000000e-02

-3.690618604522511e-02,2.822329727118782e-03

1.000000000000000e-02,0.000000000000000e+00
33

4.570881896148762e+07,9.100000000000000e-02

-3.688563177039284e-02,2.953707071327210e-03

1.000000000000000e-02,0.000000000000000e+00
34

4.786300923226396e+07,9.100000000000000e-02

-3.686312057949860e-02,3.091035989940791e-03

1.000000000000000e-02,0.000000000000000e+00
35

5.011872336272737e+07,9.100000000000000e-02

-3.683846889938146e-02,3.234561966274916e-03

1.000000000000000e-02,0.000000000000000e+00
36

5.248074602497741e+07,9.100000000000000e-02

-3.681147648519682e-02,3.384537009390362e-03

1.000000000000000e-02,0.000000000000000e+00
37

5.495408738576262e+07,9.100000000000000e-02

-3.678192501648815e-02,3.541219250667577e-03

1.000000000000000e-02,0.000000000000000e+00
38

5.754399373371587e+07,9.100000000000000e-02

-3.674957659741701e-02,3.704872425154339e-03

1.000000000000000e-02,0.000000000000000e+00
39

6.025595860743596e+07,9.100000000000000e-02

-3.671417215937130e-02,3.875765220264954e-03

1.000000000000000e-02,0.000000000000000e+00
40

6.309573444801953e+07,9.100000000000000e-02

-3.667542976534421e-02,4.054170472361311e-03

1.000000000000000e-02,0.000000000000000e+00
41

6.606934480075981e+07,9.100000000000000e-02

-3.663304281698344e-02,4.240364189549087e-03

1.000000000000000e-02,0.000000000000000e+00
42

6.918309709189388e+07,9.100000000000000e-02

-3.658667816711594e-02,4.434624376690075e-03

1.000000000000000e-02,0.000000000000000e+00
43

7.244359600749926e+07,9.100000000000000e-02

-3.653597414292693e-02,4.637229636187555e-03

1.000000000000000e-02,0.000000000000000e+00
44

7.585775750291865e+07,9.100000000000000e-02

-3.648053848789343e-02,4.848457515581158e-03

1.000000000000000e-02,0.000000000000000e+00
45

7.943282347242844e+07,9.100000000000000e-02

-3.641994623412814e-02,5.068582570442137e-03

1.000000000000000e-02,0.000000000000000e+00
46

8.317637711026742e+07,9.100000000000000e-02

-3.635373752107438e-02,5.297874108559267e-03

1.000000000000000e-02,0.000000000000000e+00
47

8.709635899560840e+07,9.100000000000000e-02

-3.628141538160528e-02,5.536593579043770e-03

1.000000000000000e-02,0.000000000000000e+00
48

9.120108393559134e+07,9.100000000000000e-02

-3.620244352262435e-02,5.784991567880796e-03

1.000000000000000e-02,0.000000000000000e+00
49

9.549925860214399e+07,9.100000000000000e-02

-3.611624413434252e-02,6.043304359771168e-03

1.000000000000000e-02,0.000000000000000e+00
50

1.000000000000004e+08,9.100000000000000e-02

-3.602219577061339e-02,6.311750025036379e-03

1.000000000000000e-02,0.000000000000000e+00
51

1.047128548050904e+08,9.200000000000000e-02

-3.591963135212794e-02,6.590523990143607e-03

1.000000000000000e-02,0.000000000000000e+00
52

1.096478196143190e+08,9.200000000000000e-02

-3.580783635495974e-02,6.879794051339035e-03

1.000000000000000e-02,0.000000000000000e+00
53

1.148153621496888e+08,9.200000000000000e-02

-3.568604725893543e-02,7.179694793306374e-03

1.000000000000000e-02,0.000000000000000e+00
54

1.202264434617418e+08,9.200000000000000e-02

-3.555345034355030e-02,7.490321379102984e-03

1.000000000000000e-02,0.000000000000000e+00
55

1.258925411794173e+08,9.200000000000000e-02

-3.540918093355350e-02,7.811722684338331e-03

1.000000000000000e-02,0.000000000000000e+00
56

1.318256738556413e+08,9.200000000000000e-02

-3.525232321168770e-02,8.143893758177334e-03

1.000000000000000e-02,0.000000000000000e+00
57

1.380384264602891e+08,9.200000000000000e-02

-3.508191073205832e-02,8.486767606851244e-03

1.000000000000000e-02,0.000000000000000e+00
58

1.445439770745934e+08,9.200000000000000e-02

-3.489692778374266e-02,8.840206312551490e-03

1.000000000000000e-02,0.000000000000000e+00
59

1.513561248436215e+08,9.200000000000000e-02

-3.469631176985217e-02,9.203991522483501e-03

1.000000000000000e-02,0.000000000000000e+00
60

1.584893192461121e+08,9.200000000000000e-02

-3.447895678143131e-02,9.577814370051081e-03

1.000000000000000e-02,0.000000000000000e+00
61

1.659586907437569e+08,9.200000000000000e-02

-3.424371855715288e-02,9.961264923123696e-03

1.000000000000000e-02,0.000000000000000e+00
62

1.737800828749384e+08,9.200000000000000e-02

-3.398942102731329e-02,1.035382129344482e-02

1.000000000000000e-02,0.000000000000000e+00
63

1.819700858609993e+08,9.200000000000000e-02

-3.371486464240722e-02,1.075483858655506e-02

1.000000000000000e-02,0.000000000000000e+00
64

1.905460717963257e+08,9.200000000000000e-02

-3.341883668055695e-02,1.116353792285327e-02

1.000000000000000e-02,0.000000000000000e+00
65

1.995262314968890e+08,9.200000000000000e-02

-3.310012371203164e-02,1.157899581683858e-02

1.000000000000000e-02,0.000000000000000e+00
66

2.089296130854051e+08,9.200000000000000e-02

-3.275752637060608e-02,1.200013426177632e-02

1.000000000000000e-02,0.000000000000000e+00
67

2.187761623949564e+08,9.200000000000000e-02

-3.238987653814342e-02,1.242571192885737e-02

1.000000000000000e-02,0.000000000000000e+00
68

2.290867652767785e+08,9.200000000000000e-02

-3.199605698828514e-02,1.285431695033293e-02

1.000000000000000e-02,0.000000000000000e+00
69

2.398832919019504e+08,9.200000000000000e-02

-3.157502345567535e-02,1.328436181109085e-02

1.000000000000000e-02,0.000000000000000e+00
70

2.511886431509594e+08,9.200000000000000e-02

-3.112582899769042e-02,1.371408091768961e-02

1.000000000000000e-02,0.000000000000000e+00
71

2.630267991895397e+08,9.200000000000000e-02

-3.064765039629984e-02,1.414153144206182e-02

1.000000000000000e-02,0.000000000000000e+00
72

2.754228703338182e+08,9.200000000000000e-02

-3.013981621014542e-02,1.456459804231630e-02

1.000000000000000e-02,0.000000000000000e+00
73

2.884031503126622e+08,9.200000000000000e-02

-2.960183593487642e-02,1.498100203835472e-02

1.000000000000000e-02,0.000000000000000e+00
74

3.019951720402034e+08,9.200000000000000e-02

-2.903342956924114e-02,1.538831555865548e-02

1.000000000000000e-02,0.000000000000000e+00
75

3.162277660168398e+08,9.200000000000000e-02

-2.843455672397012e-02,1.578398107081956e-02

1.000000000000000e-02,0.000000000000000e+00
76

3.311311214825931e+08,9.200000000000000e-02

-2.780544426116511e-02,1.616533655845627e-02

1.000000000000000e-02,0.000000000000000e+00
77

3.467368504525337e+08,9.200000000000000e-02

-2.714661132697338e-02,1.652964640971970e-02

1.000000000000000e-02,0.000000000000000e+00
78

3.630780547701036e+08,9.200000000000000e-02

-2.645889055446510e-02,1.687413784114571e-02

1.000000000000000e-02,0.000000000000000e+00
79

3.801893963205636e+08,9.200000000000000e-02

-2.574344418183344e-02,1.719604240189741e-02

1.000000000000000e-02,0.000000000000000e+00
80

3.981071705534998e+08,9.200000000000000e-02

-2.500177386706528e-02,1.749264180073942e-02

1.000000000000000e-02,0.000000000000000e+00
81

4.168693834703380e+08,9.200000000000000e-02

-2.423572309480920e-02,1.776131698872106e-02

1.000000000000000e-02,0.000000000000000e+00
82

4.365158322401688e+08,9.200000000000000e-02

-2.344747127006954e-02,1.799959913667518e-02

1.000000000000000e-02,0.000000000000000e+00
83

4.570881896148780e+08,9.200000000000000e-02

-2.263951887566786e-02,1.820522089308713e-02

1.000000000000000e-02,0.000000000000000e+00
84

4.786300923226415e+08,9.200000000000000e-02

-2.181466342727949e-02,1.837616612014354e-02

1.000000000000000e-02,0.000000000000000e+00
85

5.011872336272756e+08,9.200000000000000e-02

-2.097596637401436e-02,1.851071620719201e-02

1.000000000000000e-02,0.000000000000000e+00
86

5.248074602497762e+08,9.200000000000000e-02

-2.012671153887821e-02,1.860749106967858e-02

1.000000000000000e-02,0.000000000000000e+00
87

5.495408738576283e+08,9.200000000000000e-02

-1.927035614082669e-02,1.866548306820972e-02

1.000000000000000e-02,0.000000000000000e+00
88

5.754399373371609e+08,9.200000000000000e-02

-1.841047585398800e-02,1.868408232697419e-02

1.000000000000000e-02,0.000000000000000e+00
89

6.025595860743620e+08,9.200000000000000e-02

-1.755070570571334e-02,1.866309228249979e-02

1.000000000000000e-02,0.000000000000000e+00
90

6.309573444801978e+08,9.200000000000000e-02

-1.669467886328986e-02,1.860273473094646e-02

1.000000000000000e-02,0.000000000000000e+00
91

6.606934480076008e+08,9.200000000000000e-02

-1.584596548708546e-02,1.850364413416229e-02

1.000000000000000e-02,0.000000000000000e+00
92

6.918309709189415e+08,9.200000000000000e-02

-1.500801382384879e-02,1.836685145491690e-02

1.000000000000000e-02,0.000000000000000e+00
93

7.244359600749954e+08,9.200000000000000e-02

-1.418409557823629e-02,1.819375828143821e-02

1.000000000000000e-02,0.000000000000000e+00
94

7.585775750291895e+08,9.200000000000000e-02

-1.337725734581557e-02,1.798610243423167e-02

1.000000000000000e-02,0.000000000000000e+00
95

7.943282347242875e+08,9.200000000000000e-02

-1.259027953969926e-02,1.774591659393591e-02

1.000000000000000e-02,0.000000000000000e+00
96

8.317637711026773e+08,9.200000000000000e-02

-1.182564382607923e-02,1.747548172662089e-02

1.000000000000000e-02,0.000000000000000e+00
97

8.709635899560874e+08,9.200000000000000e-02

-1.108550963565351e-02,1.717727720228069e-02

1.000000000000000e-02,0.000000000000000e+00
98

9.120108393559169e+08,9.200000000000000e-02

-1.037169987268119e-02,1.685392950423162e-02

1.000000000000000e-02,0.000000000000000e+00
99

9.549925860214435e+08,9.200000000000000e-02

-9.685695532062433e-03,1.650816132257469e-02

1.000000000000000e-02,0.000000000000000e+00
100

1.000000000000008e+09,9.200000000000000e-02

-9.028638582074712e-03,1.614274263245944e-02

1.000000000000000e-02,0.000000000000000e+00
