0.0 1.796607474853533
0.01 1.79644628523145
0.02 1.796300094153215
0.03 1.796149476171321
0.04 1.795996588139238
0.05 1.795839823789566
0.06 1.795677938168739
0.07 1.795509770750789
0.08 1.795334121572759
0.09 1.795149657326
0.09999999999999999 1.794954834414683
0.11 1.794747834712168
0.12 1.794526515647175
0.13 1.79428838027154
0.14 1.794030574978911
0.15 1.793749921953607
0.16 1.793442989786589
0.17 1.793106199483397
0.18 1.79273595611977
0.19 1.792328791384481
0.2 1.791881501500647
0.21 1.791391269058707
0.2200000000000001 1.790855764395613
0.2300000000000001 1.790273229197459
0.2400000000000001 1.789642549048136
0.2500000000000001 1.788963321196624
0.2600000000000001 1.788235919230853
0.2700000000000001 1.787461549532505
0.2800000000000001 1.786642288086899
0.2900000000000001 1.785781083117464
0.3000000000000001 1.784881710788929
0.3100000000000001 1.783948677850273
0.3200000000000001 1.782987074716317
0.3300000000000001 1.782002392105431
0.3400000000000001 1.78100032099714
0.3500000000000001 1.779986557588844
0.3600000000000002 1.778966632100145
0.3700000000000002 1.777945774155394
0.3800000000000002 1.776928820192375
0.3900000000000002 1.77592016181523
0.4000000000000002 1.774923729404024
0.4100000000000002 1.773943002933666
0.4200000000000002 1.772981041526161
0.4300000000000002 1.772040524138159
0.4400000000000002 1.771123795315532
0.4500000000000002 1.770232911608509
0.4600000000000002 1.769369685702773
0.4700000000000003 1.768535726422252
0.4800000000000003 1.767732473456343
0.4900000000000003 1.76696122598473
0.5000000000000002 1.766223164371768
0.5100000000000002 1.76551936384279
0.5200000000000002 1.764850798606511
0.5300000000000002 1.764218334349241
0.5400000000000003 1.763622706567792
0.5500000000000003 1.763064482134882
0.5600000000000003 1.762544002304979
0.5700000000000003 1.762061307753782
0.5800000000000003 1.761616050843004
0.5900000000000003 1.761207407123893
0.6000000000000003 1.760834005605877
0.6100000000000003 1.760493901848292
0.6200000000000003 1.760184614666269
0.6300000000000003 1.759903233571829
0.6400000000000003 1.759646583464441
0.6500000000000004 1.759411415030822
0.6600000000000004 1.759194583304088
0.6700000000000004 1.75899318513682
0.6800000000000004 1.758804642823619
0.6900000000000004 1.758626736813504
0.7000000000000004 1.758457599771211
0.7100000000000004 1.758295686632322
0.7200000000000004 1.758139733199636
0.7300000000000004 1.757988712058399
0.7400000000000004 1.757841790979198
0.7500000000000004 1.757698296280146
0.7600000000000005 1.757557681904241
0.7700000000000005 1.757419504020851
0.7800000000000005 1.757283400522335
0.7900000000000005 1.757149074647443
0.8000000000000005 1.757016281979183
0.8100000000000005 1.756884820149996
0.8200000000000005 1.756754520693834
0.8300000000000005 1.756625242589211
0.8400000000000005 1.756496867129718
0.8500000000000005 1.75636929383556
0.8600000000000005 1.756242437182062
0.8700000000000006 1.756116223970536
0.8800000000000006 1.755990591205567
0.8900000000000006 1.755865484372872
0.9000000000000006 1.755740856035167
0.9100000000000006 1.755616664681475
0.9200000000000006 1.755492873779199
0.9300000000000006 1.755369450989078
0.9400000000000006 1.755246367511472
0.9500000000000006 1.755123597538921
0.9600000000000006 1.755001117794981
0.9700000000000006 1.754878907143294
0.9800000000000006 1.754756946253965
0.9900000000000007 1.754635217316754
1.000000000000001 1.754513703792511
1.010000000000001 1.754392390195828
1.020000000000001 1.754271261903052
1.030000000000001 1.754150304980779
1.040000000000001 1.754029506030699
1.050000000000001 1.753908852047219
1.060000000000001 1.753788330284772
1.070000000000001 1.75366792813205
1.080000000000001 1.753547632990628
1.090000000000001 1.75342743215565
1.100000000000001 1.753307312696267
1.110000000000001 1.75318726133362
1.120000000000001 1.75306726431402
1.130000000000001 1.752947307274926
1.140000000000001 1.752827375101077
1.150000000000001 1.752707451767866
1.160000000000001 1.752587520168671
1.170000000000001 1.752467561922331
1.180000000000001 1.752347557156373
1.190000000000001 1.752227484260733
1.200000000000001 1.752107319605762
1.210000000000001 1.751987037216991
1.220000000000001 1.751866608397576
1.230000000000001 1.751746001287278
1.240000000000001 1.751625180344344
1.250000000000001 1.751504105733366
1.260000000000001 1.751382732598119
1.270000000000001 1.751261010193059
1.280000000000001 1.751138880840386
1.290000000000001 1.751016278670777
1.300000000000001 1.750893128094413
1.310000000000001 1.750769341933972
1.320000000000001 1.750644819131478
1.330000000000001 1.750519441914812
1.340000000000001 1.750393072274863
1.350000000000001 1.750265547557749
1.360000000000001 1.750136674913812
1.370000000000001 1.75000622426042
1.380000000000001 1.749873919300514
1.390000000000001 1.749739425982434
1.400000000000001 1.749602337573509
1.410000000000001 1.749462155230417
1.420000000000001 1.749318262558579
1.430000000000001 1.749169892131864
1.440000000000001 1.749016081265622
1.450000000000001 1.748855613489347
1.460000000000001 1.748686941189531
1.470000000000001 1.748508083949172
1.480000000000001 1.748316496616293
1.490000000000001 1.748108901995559
1.500000000000001 1.747881086982431
1.510000000000001 1.747627670690984
1.520000000000001 1.747341872019649
1.530000000000001 1.74701533381424
1.540000000000001 1.746638095706203
1.550000000000001 1.746198827431008
1.560000000000001 1.745685403924714
1.570000000000001 1.74508579708106
1.580000000000001 1.74438910566055
1.590000000000001 1.743586441715246
1.600000000000001 1.742671430960596
1.610000000000001 1.741640250024467
1.620000000000001 1.740491298319546
1.630000000000001 1.739224684736104
1.640000000000001 1.737841690921198
1.650000000000001 1.736344307308995
1.660000000000001 1.734734876079338
1.670000000000001 1.733015837218732
1.680000000000001 1.731189557985556
1.690000000000001 1.729258223497091
1.700000000000001 1.727223769347735
1.710000000000001 1.725087841823605
1.720000000000001 1.722851775521706
1.730000000000001 1.720516581459201
1.740000000000001 1.718082941086358
1.750000000000001 1.715551203190751
1.760000000000001 1.712921381710535
1.770000000000001 1.71019315313174
1.780000000000001 1.707365852552908
