Title:
*inverter
Date:
Fri
Sep
23
15:47:42

2011
Plotname:
DC
transfer
characteristic
Flags:
real
No.
Variables:
3
No.
Points:
181





Variables:

0
v(v-sweep)
voltage

1
v(out)
voltage

2
v(in1)
voltage
Values:
0

0.000000000000000e+00

1.796607474853533e+00

0.000000000000000e+00
1

1.000000000000000e-02

1.796446285231450e+00

1.000000000000000e-02
2

2.000000000000000e-02

1.796300094153215e+00

2.000000000000000e-02
3

3.000000000000000e-02

1.796149476171321e+00

3.000000000000000e-02
4

4.000000000000000e-02

1.795996588139238e+00

4.000000000000000e-02
5

5.000000000000000e-02

1.795839823789566e+00

5.000000000000000e-02
6

6.000000000000000e-02

1.795677938168739e+00

6.000000000000000e-02
7

7.000000000000001e-02

1.795509770750789e+00

7.000000000000001e-02
8

8.000000000000000e-02

1.795334121572759e+00

8.000000000000000e-02
9

9.000000000000000e-02

1.795149657326000e+00

9.000000000000000e-02
10

9.999999999999999e-02

1.794954834414683e+00

9.999999999999999e-02
11

1.100000000000000e-01

1.794747834712168e+00

1.100000000000000e-01
12

1.200000000000000e-01

1.794526515647175e+00

1.200000000000000e-01
13

1.300000000000000e-01

1.794288380271540e+00

1.300000000000000e-01
14

1.400000000000000e-01

1.794030574978911e+00

1.400000000000000e-01
15

1.500000000000000e-01

1.793749921953607e+00

1.500000000000000e-01
16

1.600000000000000e-01

1.793442989786589e+00

1.600000000000000e-01
17

1.700000000000000e-01

1.793106199483397e+00

1.700000000000000e-01
18

1.800000000000000e-01

1.792735956119770e+00

1.800000000000000e-01
19

1.900000000000000e-01

1.792328791384481e+00

1.900000000000000e-01
20

2.000000000000000e-01

1.791881501500647e+00

2.000000000000000e-01
21

2.100000000000000e-01

1.791391269058707e+00

2.100000000000000e-01
22

2.200000000000001e-01

1.790855764395613e+00

2.200000000000001e-01
23

2.300000000000001e-01

1.790273229197459e+00

2.300000000000001e-01
24

2.400000000000001e-01

1.789642549048136e+00

2.400000000000001e-01
25

2.500000000000001e-01

1.788963321196624e+00

2.500000000000001e-01
26

2.600000000000001e-01

1.788235919230853e+00

2.600000000000001e-01
27

2.700000000000001e-01

1.787461549532505e+00

2.700000000000001e-01
28

2.800000000000001e-01

1.786642288086899e+00

2.800000000000001e-01
29

2.900000000000001e-01

1.785781083117464e+00

2.900000000000001e-01
30

3.000000000000001e-01

1.784881710788929e+00

3.000000000000001e-01
31

3.100000000000001e-01

1.783948677850273e+00

3.100000000000001e-01
32

3.200000000000001e-01

1.782987074716317e+00

3.200000000000001e-01
33

3.300000000000001e-01

1.782002392105431e+00

3.300000000000001e-01
34

3.400000000000001e-01

1.781000320997140e+00

3.400000000000001e-01
35

3.500000000000001e-01

1.779986557588844e+00

3.500000000000001e-01
36

3.600000000000002e-01

1.778966632100145e+00

3.600000000000002e-01
37

3.700000000000002e-01

1.777945774155394e+00

3.700000000000002e-01
38

3.800000000000002e-01

1.776928820192375e+00

3.800000000000002e-01
39

3.900000000000002e-01

1.775920161815230e+00

3.900000000000002e-01
40

4.000000000000002e-01

1.774923729404024e+00

4.000000000000002e-01
41

4.100000000000002e-01

1.773943002933666e+00

4.100000000000002e-01
42

4.200000000000002e-01

1.772981041526161e+00

4.200000000000002e-01
43

4.300000000000002e-01

1.772040524138159e+00

4.300000000000002e-01
44

4.400000000000002e-01

1.771123795315532e+00

4.400000000000002e-01
45

4.500000000000002e-01

1.770232911608509e+00

4.500000000000002e-01
46

4.600000000000002e-01

1.769369685702773e+00

4.600000000000002e-01
47

4.700000000000003e-01

1.768535726422252e+00

4.700000000000003e-01
48

4.800000000000003e-01

1.767732473456343e+00

4.800000000000003e-01
49

4.900000000000003e-01

1.766961225984730e+00

4.900000000000003e-01
50

5.000000000000002e-01

1.766223164371768e+00

5.000000000000002e-01
51

5.100000000000002e-01

1.765519363842790e+00

5.100000000000002e-01
52

5.200000000000002e-01

1.764850798606511e+00

5.200000000000002e-01
53

5.300000000000002e-01

1.764218334349241e+00

5.300000000000002e-01
54

5.400000000000003e-01

1.763622706567792e+00

5.400000000000003e-01
55

5.500000000000003e-01

1.763064482134882e+00

5.500000000000003e-01
56

5.600000000000003e-01

1.762544002304979e+00

5.600000000000003e-01
57

5.700000000000003e-01

1.762061307753782e+00

5.700000000000003e-01
58

5.800000000000003e-01

1.761616050843004e+00

5.800000000000003e-01
59

5.900000000000003e-01

1.761207407123893e+00

5.900000000000003e-01
60

6.000000000000003e-01

1.760834005605877e+00

6.000000000000003e-01
61

6.100000000000003e-01

1.760493901848292e+00

6.100000000000003e-01
62

6.200000000000003e-01

1.760184614666269e+00

6.200000000000003e-01
63

6.300000000000003e-01

1.759903233571829e+00

6.300000000000003e-01
64

6.400000000000003e-01

1.759646583464441e+00

6.400000000000003e-01
65

6.500000000000004e-01

1.759411415030822e+00

6.500000000000004e-01
66

6.600000000000004e-01

1.759194583304088e+00

6.600000000000004e-01
67

6.700000000000004e-01

1.758993185136820e+00

6.700000000000004e-01
68

6.800000000000004e-01

1.758804642823619e+00

6.800000000000004e-01
69

6.900000000000004e-01

1.758626736813504e+00

6.900000000000004e-01
70

7.000000000000004e-01

1.758457599771211e+00

7.000000000000004e-01
71

7.100000000000004e-01

1.758295686632322e+00

7.100000000000004e-01
72

7.200000000000004e-01

1.758139733199636e+00

7.200000000000004e-01
73

7.300000000000004e-01

1.757988712058399e+00

7.300000000000004e-01
74

7.400000000000004e-01

1.757841790979198e+00

7.400000000000004e-01
75

7.500000000000004e-01

1.757698296280146e+00

7.500000000000004e-01
76

7.600000000000005e-01

1.757557681904241e+00

7.600000000000005e-01
77

7.700000000000005e-01

1.757419504020851e+00

7.700000000000005e-01
78

7.800000000000005e-01

1.757283400522335e+00

7.800000000000005e-01
79

7.900000000000005e-01

1.757149074647443e+00

7.900000000000005e-01
80

8.000000000000005e-01

1.757016281979183e+00

8.000000000000005e-01
81

8.100000000000005e-01

1.756884820149996e+00

8.100000000000005e-01
82

8.200000000000005e-01

1.756754520693834e+00

8.200000000000005e-01
83

8.300000000000005e-01

1.756625242589211e+00

8.300000000000005e-01
84

8.400000000000005e-01

1.756496867129718e+00

8.400000000000005e-01
85

8.500000000000005e-01

1.756369293835560e+00

8.500000000000005e-01
86

8.600000000000005e-01

1.756242437182062e+00

8.600000000000005e-01
87

8.700000000000006e-01

1.756116223970536e+00

8.700000000000006e-01
88

8.800000000000006e-01

1.755990591205567e+00

8.800000000000006e-01
89

8.900000000000006e-01

1.755865484372872e+00

8.900000000000006e-01
90

9.000000000000006e-01

1.755740856035167e+00

9.000000000000006e-01
91

9.100000000000006e-01

1.755616664681475e+00

9.100000000000006e-01
92

9.200000000000006e-01

1.755492873779199e+00

9.200000000000006e-01
93

9.300000000000006e-01

1.755369450989078e+00

9.300000000000006e-01
94

9.400000000000006e-01

1.755246367511472e+00

9.400000000000006e-01
95

9.500000000000006e-01

1.755123597538921e+00

9.500000000000006e-01
96

9.600000000000006e-01

1.755001117794981e+00

9.600000000000006e-01
97

9.700000000000006e-01

1.754878907143294e+00

9.700000000000006e-01
98

9.800000000000006e-01

1.754756946253965e+00

9.800000000000006e-01
99

9.900000000000007e-01

1.754635217316754e+00

9.900000000000007e-01
100

1.000000000000001e+00

1.754513703792511e+00

1.000000000000001e+00
101

1.010000000000001e+00

1.754392390195828e+00

1.010000000000001e+00
102

1.020000000000001e+00

1.754271261903052e+00

1.020000000000001e+00
103

1.030000000000001e+00

1.754150304980779e+00

1.030000000000001e+00
104

1.040000000000001e+00

1.754029506030699e+00

1.040000000000001e+00
105

1.050000000000001e+00

1.753908852047219e+00

1.050000000000001e+00
106

1.060000000000001e+00

1.753788330284772e+00

1.060000000000001e+00
107

1.070000000000001e+00

1.753667928132050e+00

1.070000000000001e+00
108

1.080000000000001e+00

1.753547632990628e+00

1.080000000000001e+00
109

1.090000000000001e+00

1.753427432155650e+00

1.090000000000001e+00
110

1.100000000000001e+00

1.753307312696267e+00

1.100000000000001e+00
111

1.110000000000001e+00

1.753187261333620e+00

1.110000000000001e+00
112

1.120000000000001e+00

1.753067264314020e+00

1.120000000000001e+00
113

1.130000000000001e+00

1.752947307274926e+00

1.130000000000001e+00
114

1.140000000000001e+00

1.752827375101077e+00

1.140000000000001e+00
115

1.150000000000001e+00

1.752707451767866e+00

1.150000000000001e+00
116

1.160000000000001e+00

1.752587520168671e+00

1.160000000000001e+00
117

1.170000000000001e+00

1.752467561922331e+00

1.170000000000001e+00
118

1.180000000000001e+00

1.752347557156373e+00

1.180000000000001e+00
119

1.190000000000001e+00

1.752227484260733e+00

1.190000000000001e+00
120

1.200000000000001e+00

1.752107319605762e+00

1.200000000000001e+00
121

1.210000000000001e+00

1.751987037216991e+00

1.210000000000001e+00
122

1.220000000000001e+00

1.751866608397576e+00

1.220000000000001e+00
123

1.230000000000001e+00

1.751746001287278e+00

1.230000000000001e+00
124

1.240000000000001e+00

1.751625180344344e+00

1.240000000000001e+00
125

1.250000000000001e+00

1.751504105733366e+00

1.250000000000001e+00
126

1.260000000000001e+00

1.751382732598119e+00

1.260000000000001e+00
127

1.270000000000001e+00

1.751261010193059e+00

1.270000000000001e+00
128

1.280000000000001e+00

1.751138880840386e+00

1.280000000000001e+00
129

1.290000000000001e+00

1.751016278670777e+00

1.290000000000001e+00
130

1.300000000000001e+00

1.750893128094413e+00

1.300000000000001e+00
131

1.310000000000001e+00

1.750769341933972e+00

1.310000000000001e+00
132

1.320000000000001e+00

1.750644819131478e+00

1.320000000000001e+00
133

1.330000000000001e+00

1.750519441914812e+00

1.330000000000001e+00
134

1.340000000000001e+00

1.750393072274863e+00

1.340000000000001e+00
135

1.350000000000001e+00

1.750265547557749e+00

1.350000000000001e+00
136

1.360000000000001e+00

1.750136674913812e+00

1.360000000000001e+00
137

1.370000000000001e+00

1.750006224260420e+00

1.370000000000001e+00
138

1.380000000000001e+00

1.749873919300514e+00

1.380000000000001e+00
139

1.390000000000001e+00

1.749739425982434e+00

1.390000000000001e+00
140

1.400000000000001e+00

1.749602337573509e+00

1.400000000000001e+00
141

1.410000000000001e+00

1.749462155230417e+00

1.410000000000001e+00
142

1.420000000000001e+00

1.749318262558579e+00

1.420000000000001e+00
143

1.430000000000001e+00

1.749169892131864e+00

1.430000000000001e+00
144

1.440000000000001e+00

1.749016081265622e+00

1.440000000000001e+00
145

1.450000000000001e+00

1.748855613489347e+00

1.450000000000001e+00
146

1.460000000000001e+00

1.748686941189531e+00

1.460000000000001e+00
147

1.470000000000001e+00

1.748508083949172e+00

1.470000000000001e+00
148

1.480000000000001e+00

1.748316496616293e+00

1.480000000000001e+00
149

1.490000000000001e+00

1.748108901995559e+00

1.490000000000001e+00
150

1.500000000000001e+00

1.747881086982431e+00

1.500000000000001e+00
151

1.510000000000001e+00

1.747627670690984e+00

1.510000000000001e+00
152

1.520000000000001e+00

1.747341872019649e+00

1.520000000000001e+00
153

1.530000000000001e+00

1.747015333814240e+00

1.530000000000001e+00
154

1.540000000000001e+00

1.746638095706203e+00

1.540000000000001e+00
155

1.550000000000001e+00

1.746198827431008e+00

1.550000000000001e+00
156

1.560000000000001e+00

1.745685403924714e+00

1.560000000000001e+00
157

1.570000000000001e+00

1.745085797081060e+00

1.570000000000001e+00
158

1.580000000000001e+00

1.744389105660550e+00

1.580000000000001e+00
159

1.590000000000001e+00

1.743586441715246e+00

1.590000000000001e+00
160

1.600000000000001e+00

1.742671430960596e+00

1.600000000000001e+00
161

1.610000000000001e+00

1.741640250024467e+00

1.610000000000001e+00
162

1.620000000000001e+00

1.740491298319546e+00

1.620000000000001e+00
163

1.630000000000001e+00

1.739224684736104e+00

1.630000000000001e+00
164

1.640000000000001e+00

1.737841690921198e+00

1.640000000000001e+00
165

1.650000000000001e+00

1.736344307308995e+00

1.650000000000001e+00
166

1.660000000000001e+00

1.734734876079338e+00

1.660000000000001e+00
167

1.670000000000001e+00

1.733015837218732e+00

1.670000000000001e+00
168

1.680000000000001e+00

1.731189557985556e+00

1.680000000000001e+00
169

1.690000000000001e+00

1.729258223497091e+00

1.690000000000001e+00
170

1.700000000000001e+00

1.727223769347735e+00

1.700000000000001e+00
171

1.710000000000001e+00

1.725087841823605e+00

1.710000000000001e+00
172

1.720000000000001e+00

1.722851775521706e+00

1.720000000000001e+00
173

1.730000000000001e+00

1.720516581459201e+00

1.730000000000001e+00
174

1.740000000000001e+00

1.718082941086358e+00

1.740000000000001e+00
175

1.750000000000001e+00

1.715551203190751e+00

1.750000000000001e+00
176

1.760000000000001e+00

1.712921381710535e+00

1.760000000000001e+00
177

1.770000000000001e+00

1.710193153131740e+00

1.770000000000001e+00
178

1.780000000000001e+00

1.707365852552908e+00

1.780000000000001e+00
179

1.790000000000001e+00

1.704438467744455e+00

1.790000000000001e+00
180

1.800000000000001e+00

1.701409630665487e+00

1.800000000000001e+00
