Title:
*inverter
Date:
Mon
Aug
15
16:53:29

2011
Plotname:
DC
transfer
characteristic
Flags:
real
No.
Variables:
3
No.
Points:
181





Variables:

0
v(v-sweep)
voltage

1
v(out1)
voltage

2
v(in1)
voltage
Values:
0

0.000000000000000e+00

1.799990640412725e+00

0.000000000000000e+00
1

1.000000000000000e-02

1.799987768867824e+00

1.000000000000000e-02
2

2.000000000000000e-02

1.799982733665322e+00

2.000000000000000e-02
3

3.000000000000000e-02

1.799976574235947e+00

3.000000000000000e-02
4

4.000000000000000e-02

1.799968246111637e+00

4.000000000000000e-02
5

5.000000000000000e-02

1.799957002129664e+00

5.000000000000000e-02
6

6.000000000000000e-02

1.799941846919135e+00

6.000000000000000e-02
7

7.000000000000001e-02

1.799921459531048e+00

7.000000000000001e-02
8

8.000000000000000e-02

1.799894094705284e+00

8.000000000000000e-02
9

9.000000000000000e-02

1.799857458337292e+00

9.000000000000000e-02
10

9.999999999999999e-02

1.799808552560600e+00

9.999999999999999e-02
11

1.100000000000000e-01

1.799743486179800e+00

1.100000000000000e-01
12

1.200000000000000e-01

1.799657247233044e+00

1.200000000000000e-01
13

1.300000000000000e-01

1.799543436535842e+00

1.300000000000000e-01
14

1.400000000000000e-01

1.799393964460207e+00

1.400000000000000e-01
15

1.500000000000000e-01

1.799198718155438e+00

1.500000000000000e-01
16

1.600000000000000e-01

1.798945212946228e+00

1.600000000000000e-01
17

1.700000000000000e-01

1.798618249458659e+00

1.700000000000000e-01
18

1.800000000000000e-01

1.798199606417340e+00

1.800000000000000e-01
19

1.900000000000000e-01

1.797667806900495e+00

1.900000000000000e-01
20

2.000000000000000e-01

1.796998001718903e+00

2.000000000000000e-01
21

2.100000000000000e-01

1.796162016050429e+00

2.100000000000000e-01
22

2.200000000000001e-01

1.795128603295151e+00

2.200000000000001e-01
23

2.300000000000001e-01

1.793863942445806e+00

2.300000000000001e-01
24

2.400000000000001e-01

1.792332401489301e+00

2.400000000000001e-01
25

2.500000000000001e-01

1.790497569048010e+00

2.500000000000001e-01
26

2.600000000000001e-01

1.788323529732488e+00

2.600000000000001e-01
27

2.700000000000001e-01

1.785776327092219e+00

2.700000000000001e-01
28

2.800000000000001e-01

1.782825525836812e+00

2.800000000000001e-01
29

2.900000000000001e-01

1.779445759215122e+00

2.900000000000001e-01
30

3.000000000000001e-01

1.775618136244118e+00

3.000000000000001e-01
31

3.100000000000001e-01

1.771331392742412e+00

3.100000000000001e-01
32

3.200000000000001e-01

1.766582700183232e+00

3.200000000000001e-01
33

3.300000000000001e-01

1.761378091109324e+00

3.300000000000001e-01
34

3.400000000000001e-01

1.755732508789623e+00

3.400000000000001e-01
35

3.500000000000001e-01

1.749669531140495e+00

3.500000000000001e-01
36

3.600000000000002e-01

1.743220847121945e+00

3.600000000000002e-01
37

3.700000000000002e-01

1.736425575102823e+00

3.700000000000002e-01
38

3.800000000000002e-01

1.729329508496306e+00

3.800000000000002e-01
39

3.900000000000002e-01

1.721984357977907e+00

3.900000000000002e-01
40

4.000000000000002e-01

1.714447035671547e+00

4.000000000000002e-01
41

4.100000000000002e-01

1.706778997367914e+00

4.100000000000002e-01
42

4.200000000000002e-01

1.699045624658818e+00

4.200000000000002e-01
43

4.300000000000002e-01

1.691315588457047e+00

4.300000000000002e-01
44

4.400000000000002e-01

1.683660086478316e+00

4.400000000000002e-01
45

4.500000000000002e-01

1.676151789425483e+00

4.500000000000002e-01
46

4.600000000000002e-01

1.668863270768020e+00

4.600000000000002e-01
47

4.700000000000003e-01

1.661864657378899e+00

4.700000000000003e-01
48

4.800000000000003e-01

1.655220276605523e+00

4.800000000000003e-01
49

4.900000000000003e-01

1.648984274387807e+00

4.900000000000003e-01
50

5.000000000000002e-01

1.643195613968839e+00

5.000000000000002e-01
51

5.100000000000002e-01

1.637873486509267e+00

5.100000000000002e-01
52

5.200000000000002e-01

1.633014662107485e+00

5.200000000000002e-01
53

5.300000000000002e-01

1.628594165556393e+00

5.300000000000002e-01
54

5.400000000000003e-01

1.624569604154455e+00

5.400000000000003e-01
55

5.500000000000003e-01

1.620887986579982e+00

5.500000000000003e-01
56

5.600000000000003e-01

1.617492959965245e+00

5.600000000000003e-01
57

5.700000000000003e-01

1.614330628825343e+00

5.700000000000003e-01
58

5.800000000000003e-01

1.611353123695248e+00

5.800000000000003e-01
59

5.900000000000003e-01

1.608520064228366e+00

5.900000000000003e-01
60

6.000000000000003e-01

1.605798554085262e+00

6.000000000000003e-01
61

6.100000000000003e-01

1.603162384410766e+00

6.100000000000003e-01
62

6.200000000000003e-01

1.600590943582560e+00

6.200000000000003e-01
63

6.300000000000003e-01

1.598068122626293e+00

6.300000000000003e-01
64

6.400000000000003e-01

1.595581350003169e+00

6.400000000000003e-01
65

6.500000000000004e-01

1.593120796763162e+00

6.500000000000004e-01
66

6.600000000000004e-01

1.590678746973022e+00

6.600000000000004e-01
67

6.700000000000004e-01

1.588249110041537e+00

6.700000000000004e-01
68

6.800000000000004e-01

1.585827047505276e+00

6.800000000000004e-01
69

6.900000000000004e-01

1.583408689001113e+00

6.900000000000004e-01
70

7.000000000000004e-01

1.580990916394929e+00

7.000000000000004e-01
71

7.100000000000004e-01

1.578571199459982e+00

7.100000000000004e-01
72

7.200000000000004e-01

1.576147470367069e+00

7.200000000000004e-01
73

7.300000000000004e-01

1.573718027372408e+00

7.300000000000004e-01
74

7.400000000000004e-01

1.571281460507586e+00

7.400000000000004e-01
75

7.500000000000004e-01

1.568836593904610e+00

7.500000000000004e-01
76

7.600000000000005e-01

1.566382440754043e+00

7.600000000000005e-01
77

7.700000000000005e-01

1.563918167906362e+00

7.700000000000005e-01
78

7.800000000000005e-01

1.561443067875349e+00

7.800000000000005e-01
79

7.900000000000005e-01

1.558956536556246e+00

7.900000000000005e-01
80

8.000000000000005e-01

1.556458055382174e+00

8.000000000000005e-01
81

8.100000000000005e-01

1.553947176947836e+00

8.100000000000005e-01
82

8.200000000000005e-01

1.551423513357819e+00

8.200000000000005e-01
83

8.300000000000005e-01

1.548886726728111e+00

8.300000000000005e-01
84

8.400000000000005e-01

1.546336521398745e+00

8.400000000000005e-01
85

8.500000000000005e-01

1.543772637513454e+00

8.500000000000005e-01
86

8.600000000000005e-01

1.541194845696992e+00

8.600000000000005e-01
87

8.700000000000006e-01

1.538602942618047e+00

8.700000000000006e-01
88

8.800000000000006e-01

1.535996747269784e+00

8.800000000000006e-01
89

8.900000000000006e-01

1.533376097834260e+00

8.900000000000006e-01
90

9.000000000000006e-01

1.530740849023538e+00

9.000000000000006e-01
91

9.100000000000006e-01

1.528090869811114e+00

9.100000000000006e-01
92

9.200000000000006e-01

1.525426041483527e+00

9.200000000000006e-01
93

9.300000000000006e-01

1.522746255954963e+00

9.300000000000006e-01
94

9.400000000000006e-01

1.520051414297660e+00

9.400000000000006e-01
95

9.500000000000006e-01

1.517341425449028e+00

9.500000000000006e-01
96

9.600000000000006e-01

1.514616205062609e+00

9.600000000000006e-01
97

9.700000000000006e-01

1.511875674475021e+00

9.700000000000006e-01
98

9.800000000000006e-01

1.509119759764781e+00

9.800000000000006e-01
99

9.900000000000007e-01

1.506348390881932e+00

9.900000000000007e-01
100

1.000000000000001e+00

1.503561500829465e+00

1.000000000000001e+00
101

1.010000000000001e+00

1.500759024879007e+00

1.010000000000001e+00
102

1.020000000000001e+00

1.497940899804189e+00

1.020000000000001e+00
103

1.030000000000001e+00

1.495107063115266e+00

1.030000000000001e+00
104

1.040000000000001e+00

1.492257452278344e+00

1.040000000000001e+00
105

1.050000000000001e+00

1.489392003901641e+00

1.050000000000001e+00
106

1.060000000000001e+00

1.486510652869622e+00

1.060000000000001e+00
107

1.070000000000001e+00

1.483613331403468e+00

1.070000000000001e+00
108

1.080000000000001e+00

1.480699968023146e+00

1.080000000000001e+00
109

1.090000000000001e+00

1.477770486381865e+00

1.090000000000001e+00
110

1.100000000000001e+00

1.474824803937931e+00

1.100000000000001e+00
111

1.110000000000001e+00

1.471862830421427e+00

1.110000000000001e+00
112

1.120000000000001e+00

1.468884466043134e+00

1.120000000000001e+00
113

1.130000000000001e+00

1.465889599380150e+00

1.130000000000001e+00
114

1.140000000000001e+00

1.462878104855645e+00

1.140000000000001e+00
115

1.150000000000001e+00

1.459849839707692e+00

1.150000000000001e+00
116

1.160000000000001e+00

1.456804640312455e+00

1.160000000000001e+00
117

1.170000000000001e+00

1.453742317687414e+00

1.170000000000001e+00
118

1.180000000000001e+00

1.450662651947158e+00

1.180000000000001e+00
119

1.190000000000001e+00

1.447565385412319e+00

1.190000000000001e+00
120

1.200000000000001e+00

1.444450213974148e+00

1.200000000000001e+00
121

1.210000000000001e+00

1.441316776182090e+00

1.210000000000001e+00
122

1.220000000000001e+00

1.438164639333996e+00

1.220000000000001e+00
123

1.230000000000001e+00

1.434993281585354e+00

1.230000000000001e+00
124

1.240000000000001e+00

1.431802068720750e+00

1.240000000000001e+00
125

1.250000000000001e+00

1.428590223696969e+00

1.250000000000001e+00
126

1.260000000000001e+00

1.425356786295372e+00

1.260000000000001e+00
127

1.270000000000001e+00

1.422100559094650e+00

1.270000000000001e+00
128

1.280000000000001e+00

1.418820034315356e+00

1.280000000000001e+00
129

1.290000000000001e+00

1.415513293623049e+00

1.290000000000001e+00
130

1.300000000000001e+00

1.412177869295208e+00

1.300000000000001e+00
131

1.310000000000001e+00

1.408810549646435e+00

1.310000000000001e+00
132

1.320000000000001e+00

1.405407103392783e+00

1.320000000000001e+00
133

1.330000000000001e+00

1.401961885584126e+00

1.330000000000001e+00
134

1.340000000000001e+00

1.398467270694737e+00

1.340000000000001e+00
135

1.350000000000001e+00

1.394912836299526e+00

1.350000000000001e+00
136

1.360000000000001e+00

1.391284197463478e+00

1.360000000000001e+00
137

1.370000000000001e+00

1.387561383667989e+00

1.370000000000001e+00
138

1.380000000000001e+00

1.383716702414397e+00

1.380000000000001e+00
139

1.390000000000001e+00

1.379712248623330e+00

1.390000000000001e+00
140

1.400000000000001e+00

1.375497760076342e+00

1.400000000000001e+00
141

1.410000000000001e+00

1.371010467088586e+00

1.410000000000001e+00
142

1.420000000000001e+00

1.366179439843988e+00

1.420000000000001e+00
143

1.430000000000001e+00

1.360936090204787e+00

1.430000000000001e+00
144

1.440000000000001e+00

1.355228501809726e+00

1.440000000000001e+00
145

1.450000000000001e+00

1.349032664970768e+00

1.450000000000001e+00
146

1.460000000000001e+00

1.342354431310428e+00

1.460000000000001e+00
147

1.470000000000001e+00

1.335222548248035e+00

1.470000000000001e+00
148

1.480000000000001e+00

1.327678291471020e+00

1.480000000000001e+00
149

1.490000000000001e+00

1.319766713156610e+00

1.490000000000001e+00
150

1.500000000000001e+00

1.311531276706199e+00

1.500000000000001e+00
151

1.510000000000001e+00

1.303011376418176e+00

1.510000000000001e+00
152

1.520000000000001e+00

1.294241640336383e+00

1.520000000000001e+00
153

1.530000000000001e+00

1.285252134246015e+00

1.530000000000001e+00
154

1.540000000000001e+00

1.276068941126987e+00

1.540000000000001e+00
155

1.550000000000001e+00

1.266714851802396e+00

1.550000000000001e+00
156

1.560000000000001e+00

1.257210054703313e+00

1.560000000000001e+00
157

1.570000000000001e+00

1.247572792555968e+00

1.570000000000001e+00
158

1.580000000000001e+00

1.237819994671318e+00

1.580000000000001e+00
159

1.590000000000001e+00

1.227967916621555e+00

1.590000000000001e+00
160

1.600000000000001e+00

1.218032836841541e+00

1.600000000000001e+00
161

1.610000000000001e+00

1.208031879628060e+00

1.610000000000001e+00
162

1.620000000000001e+00

1.197984061078268e+00

1.620000000000001e+00
163

1.630000000000001e+00

1.187911691050764e+00

1.630000000000001e+00
164

1.640000000000001e+00

1.177842305734345e+00

1.640000000000001e+00
165

1.650000000000001e+00

1.167811327007046e+00

1.650000000000001e+00
166

1.660000000000001e+00

1.157865569256529e+00

1.660000000000001e+00
167

1.670000000000001e+00

1.148067357907051e+00

1.670000000000001e+00
168

1.680000000000001e+00

1.138498076853770e+00

1.680000000000001e+00
169

1.690000000000001e+00

1.129258265826300e+00

1.690000000000001e+00
170

1.700000000000001e+00

1.120459945073160e+00

1.700000000000001e+00
171

1.710000000000001e+00

1.112208800500470e+00

1.710000000000001e+00
172

1.720000000000001e+00

1.104581448704527e+00

1.720000000000001e+00
173

1.730000000000001e+00

1.097610128240010e+00

1.730000000000001e+00
174

1.740000000000001e+00

1.091283292586249e+00

1.740000000000001e+00
175

1.750000000000001e+00

1.085558593409802e+00

1.750000000000001e+00
176

1.760000000000001e+00

1.080378524595611e+00

1.760000000000001e+00
177

1.770000000000001e+00

1.075682157748377e+00

1.770000000000001e+00
178

1.780000000000001e+00

1.071411717315784e+00

1.780000000000001e+00
179

1.790000000000001e+00

1.067515372787162e+00

1.790000000000001e+00
180

1.800000000000001e+00

1.063947900223497e+00

1.800000000000001e+00
