1.0E7 0.01234109547142766
1.0471285480509E7 0.01234107909704269
1.096478196143185E7 0.01234106114293749
1.148153621496883E7 0.01234104145671377
1.202264434617413E7 0.01234101987127226
1.258925411794168E7 0.01234099620339471
1.318256738556408E7 0.01234097025218934
1.380384264602885E7 0.01234094179738631
1.445439770745928E7 0.01234091059746887
1.513561248436209E7 0.01234087638762443
1.584893192461115E7 0.01234083887749803
1.659586907437562E7 0.01234079774872932
1.737800828749377E7 0.01234075265225225
1.819700858609985E7 0.0123407032053344
1.905460717963249E7 0.01234064898833114
1.995262314968882E7 0.01234058954112711
2.089296130854042E7 0.01234052435923478
2.187761623949555E7 0.01234045288951745
2.290867652767776E7 0.01234037452550016
2.398832919019494E7 0.01234028860222936
2.511886431509584E7 0.01234019439063764
2.630267991895386E7 0.0123400910913661
2.754228703338171E7 0.01233997782799249
2.884031503126611E7 0.01233985363960778
3.019951720402022E7 0.01233971747267903
3.162277660168386E7 0.01233956817212986
3.311311214825918E7 0.01233940447156394
3.467368504525324E7 0.01233922498254918
3.630780547701021E7 0.01233902818287305
3.801893963205621E7 0.01233881240367067
3.981071705534982E7 0.01233857581531805
4.168693834703364E7 0.0123383164119729
4.36515832240167E7 0.0123380319946341
4.570881896148762E7 0.01233772015257916
4.786300923226396E7 0.01233737824302541
5.011872336272737E7 0.01233700336884673
5.248074602497741E7 0.01233659235416177
5.495408738576262E7 0.01233614171759244
5.754399373371587E7 0.01233564764297333
6.025595860743596E7 0.01233510594727207
6.309573444801953E7 0.01233451204545918
6.606934480075981E7 0.01233386091204195
6.918309709189388E7 0.0123331470389513
7.244359600749926E7 0.01233236438944266
7.585775750291865E7 0.01233150634764179
7.943282347242844E7 0.01233056566333404
8.317637711026742E7 0.01232953439156036
8.70963589956084E7 0.01232840382654606
9.120108393559134E7 0.0123271644294475
9.549925860214399E7 0.01232580574935913
1.000000000000004E8 0.01232431633697681
1.047128548050904E8 0.01232268365026467
1.09647819614319E8 0.01232089395142048
1.148153621496888E8 0.01231893219438024
1.202264434617418E8 0.01231678190204481
1.258925411794173E8 0.01231442503235193
1.318256738556413E8 0.01231184183225498
1.380384264602891E8 0.01230901067860649
1.445439770745934E8 0.01230590790488006
1.513561248436215E8 0.01230250761260042
1.584893192461121E8 0.01229878146628854
1.659586907437569E8 0.01229469847066837
1.737800828749384E8 0.01229022472882708
1.819700858609993E8 0.01228532317997209
1.905460717963257E8 0.01227995331539054
1.99526231496889E8 0.01227407087119247
2.089296130854051E8 0.01226762749641306
2.187761623949564E8 0.01226057039506672
2.290867652767785E8 0.01225284194079357
2.398832919019504E8 0.01224437926282364
2.511886431509594E8 0.01223511380211684
2.630267991895397E8 0.0122249708367256
2.754228703338182E8 0.01221386897568755
2.884031503126622E8 0.01220171962109985
3.019951720402034E8 0.01218842639847355
3.162277660168398E8 0.01217388455603386
3.311311214825931E8 0.0121579803343429
3.467368504525337E8 0.01214059030850038
3.630780547701036E8 0.01212158070625081
3.801893963205636E8 0.01210080670662428
3.981071705534998E8 0.01207811172529262
4.16869383470338E8 0.01205332669466671
4.365158322401688E8 0.012026269348928
4.57088189614878E8 0.01199674352670928
4.786300923226415E8 0.01196453850704572
5.011872336272756E8 0.01192942839752874
5.248074602497762E8 0.01189117159732543
5.495408738576283E8 0.01184951036187117
5.75439937337161E8 0.01180417050057904
6.02559586074362E8 0.01175486124378372
6.309573444801978E8 0.01170127532026015
6.606934480076008E8 0.01164308929188999
6.918309709189415E8 0.01157996419719864
7.244359600749954E8 0.01151154656028593
7.585775750291895E8 0.01143746982578218
7.943282347242875E8 0.01135735628344402
8.317637711026773E8 0.0112708195473354
8.709635899560874E8 0.01117746765359729
9.120108393559169E8 0.01107690683689099
