0.0 0.005514094753770018
0.01 0.015554196680807
0.02 0.025597967715615
0.03 0.03564280989191837
0.04 0.04568973633261081
0.05 0.05573886817690206
0.06 0.06579033615123847
0.07 0.07584428157469428
0.08 0.0859008574504177
0.09 0.09596022969881741
0.09999999999999999 0.1060225785495198
0.11 0.1160881001162708
0.12 0.1261570081832058
0.13 0.1362295362360024
0.14 0.1463059397775588
0.15 0.1563864989752346
0.16 0.1664715216956449
0.17 0.1765613469938862
0.18 0.1866563491373452
0.19 0.1967569422605071
0.2 0.2068635857671599
0.21 0.2169767906210747
0.2200000000000001 0.2270971266968229
0.2300000000000001 0.2372252314004863
0.2400000000000001 0.2473618198176686
0.2500000000000001 0.2575076967061217
0.2600000000000001 0.2676637707260005
0.2700000000000001 0.2778310713969241
0.2800000000000001 0.288010769393895
0.2900000000000001 0.2982042009520566
0.3000000000000001 0.308412897354585
0.3100000000000001 0.3186386207441528
0.3200000000000001 0.3288834078476328
0.3300000000000001 0.3391496236656772
0.3400000000000001 0.3494400277951955
0.3500000000000001 0.3597578568830456
0.3600000000000002 0.3701069278394037
0.3700000000000002 0.3804917679954586
0.3800000000000002 0.3909177805606159
0.3900000000000002 0.4013914568057096
0.4000000000000002 0.4119206508155463
0.4100000000000002 0.4225149391230051
0.4200000000000002 0.4331860972095924
0.4300000000000002 0.4439487396648345
0.4400000000000002 0.4548211940812349
0.4500000000000002 0.4658267165147348
0.4600000000000002 0.4769952197432172
0.4700000000000003 0.4883657964369791
0.4800000000000003 0.4999905226174448
0.4900000000000003 0.5119404205714522
0.5000000000000002 0.5243152752158865
0.5100000000000002 0.537260823944599
0.5200000000000002 0.5510013567367177
0.5300000000000002 0.5659084260164912
0.5400000000000003 0.5826681615954594
0.5500000000000003 0.6027811319321936
0.5600000000000003 0.6313040856105578
0.5700000000000003 0.6885773937166855
0.5800000000000003 0.789542685906932
0.5900000000000003 0.9007363168861083
0.6000000000000003 1.012713821888117
0.6100000000000003 1.12443506031253
0.6200000000000003 1.235013148215907
0.6300000000000003 1.343202147779069
0.6400000000000003 1.446391674702086
0.6500000000000004 1.538091186012535
0.6600000000000004 1.606845756970571
0.6700000000000004 1.655044527393758
0.6800000000000004 1.690500209709288
0.6900000000000004 1.71670488438251
0.7000000000000004 1.736779793686569
0.7100000000000004 1.752261978588749
0.7200000000000004 1.764173679493073
0.7300000000000004 1.773301472258391
0.7400000000000004 1.780255087570202
0.7500000000000004 1.785513647215133
0.7600000000000005 1.789457335837554
0.7700000000000005 1.792388569085124
0.7800000000000005 1.794547226476432
0.7900000000000005 1.796122302397134
0.8000000000000005 1.797261264296294
0.8100000000000005 1.798077841420167
0.8200000000000005 1.798658629096419
0.8300000000000005 1.799068701285795
0.8400000000000005 1.799356331853075
0.8500000000000005 1.799556895674432
0.8600000000000005 1.79969602338513
0.8700000000000006 1.799792096079453
0.8800000000000006 1.799858175992409
0.8900000000000006 1.799903471344376
0.9000000000000006 1.799934428227312
0.9100000000000006 1.799955531948455
0.9200000000000006 1.799969887296652
0.9300000000000006 1.799979633915278
0.9400000000000006 1.799986240740969
0.9500000000000006 1.799990712992685
0.9600000000000006 1.799993736667595
0.9700000000000006 1.799995778817119
0.9800000000000006 1.799997156790191
0.9900000000000007 1.799998085847614
1.000000000000001 1.799998711788126
1.010000000000001 1.799999133237776
1.020000000000001 1.799999416839197
1.030000000000001 1.799999607580391
1.040000000000001 1.799999735805614
1.050000000000001 1.799999821966781
1.060000000000001 1.799999879839305
1.070000000000001 1.799999918696142
1.080000000000001 1.799999944776058
1.090000000000001 1.799999962274392
1.100000000000001 1.799999974011087
1.110000000000001 1.799999981880805
1.120000000000001 1.799999987156039
1.130000000000001 1.799999990691106
1.140000000000001 1.799999993059372
1.150000000000001 1.799999994645518
1.160000000000001 1.799999995707553
1.170000000000001 1.79999999641847
1.180000000000001 1.799999996894228
1.190000000000001 1.799999997212533
1.200000000000001 1.79999999742544
1.210000000000001 1.799999997567813
1.220000000000001 1.799999997662996
1.230000000000001 1.799999997726615
1.240000000000001 1.799999997769126
1.250000000000001 1.799999997797525
1.260000000000001 1.799999997816492
1.270000000000001 1.799999997829158
1.280000000000001 1.799999997837613
1.290000000000001 1.799999997843257
1.300000000000001 1.799999997847023
1.310000000000001 1.799999997849536
1.320000000000001 1.799999997851213
1.330000000000001 1.799999997852331
1.340000000000001 1.799999997853077
1.350000000000001 1.799999997853574
1.360000000000001 1.799999997853905
1.370000000000001 1.799999997854126
1.380000000000001 1.799999997854273
1.390000000000001 1.799999997854371
1.400000000000001 1.799999997854436
1.410000000000001 1.79999999785448
1.420000000000001 1.799999997854509
1.430000000000001 1.799999997854528
1.440000000000001 1.79999999785454
1.450000000000001 1.799999997854549
1.460000000000001 1.799999997854555
1.470000000000001 1.799999997854559
1.480000000000001 1.799999997854561
1.490000000000001 1.799999997854563
1.500000000000001 1.799999997854564
1.510000000000001 1.799999997854565
1.520000000000001 1.799999997854566
1.530000000000001 1.799999997854566
1.540000000000001 1.799999997854566
1.550000000000001 1.799999997854566
1.560000000000001 1.799999997854566
1.570000000000001 1.799999997854566
1.580000000000001 1.799999997854566
1.590000000000001 1.799999997854566
1.600000000000001 1.799999997854566
1.610000000000001 1.799999997854567
1.620000000000001 1.799999997854567
1.630000000000001 1.799999997854566
1.640000000000001 1.799999997854567
1.650000000000001 1.799999997854566
1.660000000000001 1.799999997854566
1.670000000000001 1.799999997854567
1.680000000000001 1.799999997854566
1.690000000000001 1.799999997854566
1.700000000000001 1.799999997854566
1.710000000000001 1.799999997854566
1.720000000000001 1.799999997854566
1.730000000000001 1.799999997854566
1.740000000000001 1.799999997854566
1.750000000000001 1.799999997854566
1.760000000000001 1.799999997854566
1.770000000000001 1.799999997854566
1.780000000000001 1.799999997854566
