Title:
*inverter
Date:
Tue
Oct

4
15:56:34

2011
Plotname:
DC
transfer
characteristic
Flags:
real
No.
Variables:
3
No.
Points:
181





Variables:

0
v(v-sweep)
voltage

1
v(out)
voltage

2
v(in)
voltage
Values:
0

0.000000000000000e+00

5.514094753770018e-03

0.000000000000000e+00
1

1.000000000000000e-02

1.555419668080700e-02

1.000000000000000e-02
2

2.000000000000000e-02

2.559796771561500e-02

2.000000000000000e-02
3

3.000000000000000e-02

3.564280989191837e-02

3.000000000000000e-02
4

4.000000000000000e-02

4.568973633261081e-02

4.000000000000000e-02
5

5.000000000000000e-02

5.573886817690206e-02

5.000000000000000e-02
6

6.000000000000000e-02

6.579033615123847e-02

6.000000000000000e-02
7

7.000000000000001e-02

7.584428157469428e-02

7.000000000000001e-02
8

8.000000000000000e-02

8.590085745041770e-02

8.000000000000000e-02
9

9.000000000000000e-02

9.596022969881741e-02

9.000000000000000e-02
10

9.999999999999999e-02

1.060225785495198e-01

9.999999999999999e-02
11

1.100000000000000e-01

1.160881001162708e-01

1.100000000000000e-01
12

1.200000000000000e-01

1.261570081832058e-01

1.200000000000000e-01
13

1.300000000000000e-01

1.362295362360024e-01

1.300000000000000e-01
14

1.400000000000000e-01

1.463059397775588e-01

1.400000000000000e-01
15

1.500000000000000e-01

1.563864989752346e-01

1.500000000000000e-01
16

1.600000000000000e-01

1.664715216956449e-01

1.600000000000000e-01
17

1.700000000000000e-01

1.765613469938862e-01

1.700000000000000e-01
18

1.800000000000000e-01

1.866563491373452e-01

1.800000000000000e-01
19

1.900000000000000e-01

1.967569422605071e-01

1.900000000000000e-01
20

2.000000000000000e-01

2.068635857671599e-01

2.000000000000000e-01
21

2.100000000000000e-01

2.169767906210747e-01

2.100000000000000e-01
22

2.200000000000001e-01

2.270971266968229e-01

2.200000000000001e-01
23

2.300000000000001e-01

2.372252314004863e-01

2.300000000000001e-01
24

2.400000000000001e-01

2.473618198176686e-01

2.400000000000001e-01
25

2.500000000000001e-01

2.575076967061217e-01

2.500000000000001e-01
26

2.600000000000001e-01

2.676637707260005e-01

2.600000000000001e-01
27

2.700000000000001e-01

2.778310713969241e-01

2.700000000000001e-01
28

2.800000000000001e-01

2.880107693938950e-01

2.800000000000001e-01
29

2.900000000000001e-01

2.982042009520566e-01

2.900000000000001e-01
30

3.000000000000001e-01

3.084128973545850e-01

3.000000000000001e-01
31

3.100000000000001e-01

3.186386207441528e-01

3.100000000000001e-01
32

3.200000000000001e-01

3.288834078476328e-01

3.200000000000001e-01
33

3.300000000000001e-01

3.391496236656772e-01

3.300000000000001e-01
34

3.400000000000001e-01

3.494400277951955e-01

3.400000000000001e-01
35

3.500000000000001e-01

3.597578568830456e-01

3.500000000000001e-01
36

3.600000000000002e-01

3.701069278394037e-01

3.600000000000002e-01
37

3.700000000000002e-01

3.804917679954586e-01

3.700000000000002e-01
38

3.800000000000002e-01

3.909177805606159e-01

3.800000000000002e-01
39

3.900000000000002e-01

4.013914568057096e-01

3.900000000000002e-01
40

4.000000000000002e-01

4.119206508155463e-01

4.000000000000002e-01
41

4.100000000000002e-01

4.225149391230051e-01

4.100000000000002e-01
42

4.200000000000002e-01

4.331860972095924e-01

4.200000000000002e-01
43

4.300000000000002e-01

4.439487396648345e-01

4.300000000000002e-01
44

4.400000000000002e-01

4.548211940812349e-01

4.400000000000002e-01
45

4.500000000000002e-01

4.658267165147348e-01

4.500000000000002e-01
46

4.600000000000002e-01

4.769952197432172e-01

4.600000000000002e-01
47

4.700000000000003e-01

4.883657964369791e-01

4.700000000000003e-01
48

4.800000000000003e-01

4.999905226174448e-01

4.800000000000003e-01
49

4.900000000000003e-01

5.119404205714522e-01

4.900000000000003e-01
50

5.000000000000002e-01

5.243152752158865e-01

5.000000000000002e-01
51

5.100000000000002e-01

5.372608239445990e-01

5.100000000000002e-01
52

5.200000000000002e-01

5.510013567367177e-01

5.200000000000002e-01
53

5.300000000000002e-01

5.659084260164912e-01

5.300000000000002e-01
54

5.400000000000003e-01

5.826681615954594e-01

5.400000000000003e-01
55

5.500000000000003e-01

6.027811319321936e-01

5.500000000000003e-01
56

5.600000000000003e-01

6.313040856105578e-01

5.600000000000003e-01
57

5.700000000000003e-01

6.885773937166855e-01

5.700000000000003e-01
58

5.800000000000003e-01

7.895426859069320e-01

5.800000000000003e-01
59

5.900000000000003e-01

9.007363168861083e-01

5.900000000000003e-01
60

6.000000000000003e-01

1.012713821888117e+00

6.000000000000003e-01
61

6.100000000000003e-01

1.124435060312530e+00

6.100000000000003e-01
62

6.200000000000003e-01

1.235013148215907e+00

6.200000000000003e-01
63

6.300000000000003e-01

1.343202147779069e+00

6.300000000000003e-01
64

6.400000000000003e-01

1.446391674702086e+00

6.400000000000003e-01
65

6.500000000000004e-01

1.538091186012535e+00

6.500000000000004e-01
66

6.600000000000004e-01

1.606845756970571e+00

6.600000000000004e-01
67

6.700000000000004e-01

1.655044527393758e+00

6.700000000000004e-01
68

6.800000000000004e-01

1.690500209709288e+00

6.800000000000004e-01
69

6.900000000000004e-01

1.716704884382510e+00

6.900000000000004e-01
70

7.000000000000004e-01

1.736779793686569e+00

7.000000000000004e-01
71

7.100000000000004e-01

1.752261978588749e+00

7.100000000000004e-01
72

7.200000000000004e-01

1.764173679493073e+00

7.200000000000004e-01
73

7.300000000000004e-01

1.773301472258391e+00

7.300000000000004e-01
74

7.400000000000004e-01

1.780255087570202e+00

7.400000000000004e-01
75

7.500000000000004e-01

1.785513647215133e+00

7.500000000000004e-01
76

7.600000000000005e-01

1.789457335837554e+00

7.600000000000005e-01
77

7.700000000000005e-01

1.792388569085124e+00

7.700000000000005e-01
78

7.800000000000005e-01

1.794547226476432e+00

7.800000000000005e-01
79

7.900000000000005e-01

1.796122302397134e+00

7.900000000000005e-01
80

8.000000000000005e-01

1.797261264296294e+00

8.000000000000005e-01
81

8.100000000000005e-01

1.798077841420167e+00

8.100000000000005e-01
82

8.200000000000005e-01

1.798658629096419e+00

8.200000000000005e-01
83

8.300000000000005e-01

1.799068701285795e+00

8.300000000000005e-01
84

8.400000000000005e-01

1.799356331853075e+00

8.400000000000005e-01
85

8.500000000000005e-01

1.799556895674432e+00

8.500000000000005e-01
86

8.600000000000005e-01

1.799696023385130e+00

8.600000000000005e-01
87

8.700000000000006e-01

1.799792096079453e+00

8.700000000000006e-01
88

8.800000000000006e-01

1.799858175992409e+00

8.800000000000006e-01
89

8.900000000000006e-01

1.799903471344376e+00

8.900000000000006e-01
90

9.000000000000006e-01

1.799934428227312e+00

9.000000000000006e-01
91

9.100000000000006e-01

1.799955531948455e+00

9.100000000000006e-01
92

9.200000000000006e-01

1.799969887296652e+00

9.200000000000006e-01
93

9.300000000000006e-01

1.799979633915278e+00

9.300000000000006e-01
94

9.400000000000006e-01

1.799986240740969e+00

9.400000000000006e-01
95

9.500000000000006e-01

1.799990712992685e+00

9.500000000000006e-01
96

9.600000000000006e-01

1.799993736667595e+00

9.600000000000006e-01
97

9.700000000000006e-01

1.799995778817119e+00

9.700000000000006e-01
98

9.800000000000006e-01

1.799997156790191e+00

9.800000000000006e-01
99

9.900000000000007e-01

1.799998085847614e+00

9.900000000000007e-01
100

1.000000000000001e+00

1.799998711788126e+00

1.000000000000001e+00
101

1.010000000000001e+00

1.799999133237776e+00

1.010000000000001e+00
102

1.020000000000001e+00

1.799999416839197e+00

1.020000000000001e+00
103

1.030000000000001e+00

1.799999607580391e+00

1.030000000000001e+00
104

1.040000000000001e+00

1.799999735805614e+00

1.040000000000001e+00
105

1.050000000000001e+00

1.799999821966781e+00

1.050000000000001e+00
106

1.060000000000001e+00

1.799999879839305e+00

1.060000000000001e+00
107

1.070000000000001e+00

1.799999918696142e+00

1.070000000000001e+00
108

1.080000000000001e+00

1.799999944776058e+00

1.080000000000001e+00
109

1.090000000000001e+00

1.799999962274392e+00

1.090000000000001e+00
110

1.100000000000001e+00

1.799999974011087e+00

1.100000000000001e+00
111

1.110000000000001e+00

1.799999981880805e+00

1.110000000000001e+00
112

1.120000000000001e+00

1.799999987156039e+00

1.120000000000001e+00
113

1.130000000000001e+00

1.799999990691106e+00

1.130000000000001e+00
114

1.140000000000001e+00

1.799999993059372e+00

1.140000000000001e+00
115

1.150000000000001e+00

1.799999994645518e+00

1.150000000000001e+00
116

1.160000000000001e+00

1.799999995707553e+00

1.160000000000001e+00
117

1.170000000000001e+00

1.799999996418470e+00

1.170000000000001e+00
118

1.180000000000001e+00

1.799999996894228e+00

1.180000000000001e+00
119

1.190000000000001e+00

1.799999997212533e+00

1.190000000000001e+00
120

1.200000000000001e+00

1.799999997425440e+00

1.200000000000001e+00
121

1.210000000000001e+00

1.799999997567813e+00

1.210000000000001e+00
122

1.220000000000001e+00

1.799999997662996e+00

1.220000000000001e+00
123

1.230000000000001e+00

1.799999997726615e+00

1.230000000000001e+00
124

1.240000000000001e+00

1.799999997769126e+00

1.240000000000001e+00
125

1.250000000000001e+00

1.799999997797525e+00

1.250000000000001e+00
126

1.260000000000001e+00

1.799999997816492e+00

1.260000000000001e+00
127

1.270000000000001e+00

1.799999997829158e+00

1.270000000000001e+00
128

1.280000000000001e+00

1.799999997837613e+00

1.280000000000001e+00
129

1.290000000000001e+00

1.799999997843257e+00

1.290000000000001e+00
130

1.300000000000001e+00

1.799999997847023e+00

1.300000000000001e+00
131

1.310000000000001e+00

1.799999997849536e+00

1.310000000000001e+00
132

1.320000000000001e+00

1.799999997851213e+00

1.320000000000001e+00
133

1.330000000000001e+00

1.799999997852331e+00

1.330000000000001e+00
134

1.340000000000001e+00

1.799999997853077e+00

1.340000000000001e+00
135

1.350000000000001e+00

1.799999997853574e+00

1.350000000000001e+00
136

1.360000000000001e+00

1.799999997853905e+00

1.360000000000001e+00
137

1.370000000000001e+00

1.799999997854126e+00

1.370000000000001e+00
138

1.380000000000001e+00

1.799999997854273e+00

1.380000000000001e+00
139

1.390000000000001e+00

1.799999997854371e+00

1.390000000000001e+00
140

1.400000000000001e+00

1.799999997854436e+00

1.400000000000001e+00
141

1.410000000000001e+00

1.799999997854480e+00

1.410000000000001e+00
142

1.420000000000001e+00

1.799999997854509e+00

1.420000000000001e+00
143

1.430000000000001e+00

1.799999997854528e+00

1.430000000000001e+00
144

1.440000000000001e+00

1.799999997854540e+00

1.440000000000001e+00
145

1.450000000000001e+00

1.799999997854549e+00

1.450000000000001e+00
146

1.460000000000001e+00

1.799999997854555e+00

1.460000000000001e+00
147

1.470000000000001e+00

1.799999997854559e+00

1.470000000000001e+00
148

1.480000000000001e+00

1.799999997854561e+00

1.480000000000001e+00
149

1.490000000000001e+00

1.799999997854563e+00

1.490000000000001e+00
150

1.500000000000001e+00

1.799999997854564e+00

1.500000000000001e+00
151

1.510000000000001e+00

1.799999997854565e+00

1.510000000000001e+00
152

1.520000000000001e+00

1.799999997854566e+00

1.520000000000001e+00
153

1.530000000000001e+00

1.799999997854566e+00

1.530000000000001e+00
154

1.540000000000001e+00

1.799999997854566e+00

1.540000000000001e+00
155

1.550000000000001e+00

1.799999997854566e+00

1.550000000000001e+00
156

1.560000000000001e+00

1.799999997854566e+00

1.560000000000001e+00
157

1.570000000000001e+00

1.799999997854566e+00

1.570000000000001e+00
158

1.580000000000001e+00

1.799999997854566e+00

1.580000000000001e+00
159

1.590000000000001e+00

1.799999997854566e+00

1.590000000000001e+00
160

1.600000000000001e+00

1.799999997854566e+00

1.600000000000001e+00
161

1.610000000000001e+00

1.799999997854567e+00

1.610000000000001e+00
162

1.620000000000001e+00

1.799999997854567e+00

1.620000000000001e+00
163

1.630000000000001e+00

1.799999997854566e+00

1.630000000000001e+00
164

1.640000000000001e+00

1.799999997854567e+00

1.640000000000001e+00
165

1.650000000000001e+00

1.799999997854566e+00

1.650000000000001e+00
166

1.660000000000001e+00

1.799999997854566e+00

1.660000000000001e+00
167

1.670000000000001e+00

1.799999997854567e+00

1.670000000000001e+00
168

1.680000000000001e+00

1.799999997854566e+00

1.680000000000001e+00
169

1.690000000000001e+00

1.799999997854566e+00

1.690000000000001e+00
170

1.700000000000001e+00

1.799999997854566e+00

1.700000000000001e+00
171

1.710000000000001e+00

1.799999997854566e+00

1.710000000000001e+00
172

1.720000000000001e+00

1.799999997854566e+00

1.720000000000001e+00
173

1.730000000000001e+00

1.799999997854566e+00

1.730000000000001e+00
174

1.740000000000001e+00

1.799999997854566e+00

1.740000000000001e+00
175

1.750000000000001e+00

1.799999997854566e+00

1.750000000000001e+00
176

1.760000000000001e+00

1.799999997854566e+00

1.760000000000001e+00
177

1.770000000000001e+00

1.799999997854566e+00

1.770000000000001e+00
178

1.780000000000001e+00

1.799999997854566e+00

1.780000000000001e+00
179

1.790000000000001e+00

1.799999997854566e+00

1.790000000000001e+00
180

1.800000000000001e+00

1.799999997854566e+00

1.800000000000001e+00
